body_site	profiled_ERR2162200	profiled_ERR2162201	profiled_ERR2162202	profiled_ERR2162203	profiled_ERR2162204	profiled_ERR2162205	profiled_ERR2162206	profiled_ERR2162207	profiled_ERR2162208	profiled_ERR2162209	profiled_ERR2162210	profiled_ERR2162211	profiled_ERR2162212	profiled_ERR2162213	profiled_ERR2162214	profiled_ERR2162215	profiled_ERR2162216	profiled_ERR2162217	profiled_ERR2162218	profiled_ERR2162219	profiled_ERR2162220	profiled_ERR2162221	profiled_ERR2162222	profiled_ERR2162223	profiled_ERR2162224
s__Blautia_wexlerae	0.66122	0.17768	0.06078	0.11757	0.13095	0.26216	1.07962	0.2462	0.63127	1.53389	0.16848	0.5217	0.88072	0.3212	0.88487	0.88022	0	1.30113	0.99161	0.12914	0.53968	0.24358	0.98331	0.03257	0.39673
s__Dysosmobacter_welbionis	0.00612	0.00906	0.00716	0.18362	0.01602	0.07287	0	0.70429	0.68883	1.06802	0.82157	0.51884	0.14464	0.95943	0.52565	0.81342	1.92578	0.54756	1.0004	0.43484	0.50371	0.0401	0.28974	0	0.92978
s__Ruthenibacterium_lactatiformans	0	0.05742	0.28581	0.03657	0	0.09595	0.67702	0.29801	0.14574	1.11553	0.09617	0.10114	0.4077	0.15217	0.06764	0.10468	0.31475	0.26851	0.83373	0.14399	0.21549	0.03996	0.1815	0.02795	0.91668
s__Flavonifractor_plautii	0.88071	0	0.44851	0	0	0.0302	5.52975	0.16203	0.439	0.89437	0.13145	0.75939	0.0192	0.31069	0.71265	0.59822	2.89099	0.22817	0.13483	0.06725	0.30238	0.00132	0.12231	1.1396	0.40779
s__Phocaeicola_vulgatus	5.51974	5.03594	24.69335	1.83333	8.28307	7.21169	50.40324	11.62241	0	0	8.51654	0.01845	10.32686	7.80854	9.04637	7.87971	18.64982	0.00175	0	12.40129	18.65875	0.40444	2.30106	3.99785	0.00576
s__Ruminococcus_torques	0.00534	0.03863	0.75487	0.0245	0.09871	0.27225	0.6862	1.03771	0.80467	0	0.09655	0.05708	0.21565	0.45571	0.33991	0.54865	0	0.2141	0.7132	0.04061	0.03698	0.071	0.36078	0	0.01259
s__Fusicatenibacter_saccharivorans	0	0.14136	0.16855	0.05148	0.12834	0.20763	0	0.25934	0.22849	1.64169	0.20474	0	0.67673	0.45783	0.62911	0.25524	0.22786	1.29848	0.04744	0.47637	0.5351	0.43484	0.65146	0.03298	0.49108
s__Bacteroides_ovatus	1.76934	0.5471	2.89729	0.02387	0.03216	2.93254	0	0.85037	4.305	0	7.17343	2.64779	0.73709	0.03723	1.6924	0	7.15526	0	3.43119	1.68053	6.4014	0.16119	10.28591	1.59591	2.48941
s__Bacteroides_uniformis	3.23274	9.64829	0.43713	0.58696	1.1378	13.23522	0.00059	26.52978	28.29161	0	17.88164	13.15215	4.82331	2.53259	9.63432	13.12631	18.82225	0	32.86577	2.65297	10.80407	1.56994	12.31653	0	0
s__Blautia_faecis	0.1623	0.17339	0.11728	0.04343	0.05981	0.15971	0	0.71787	0.179	0	0.10985	0	0.1022	0.07125	0.12988	0.05373	0.52007	0.04975	0.8644	0.05834	0	0.08107	0.15134	0.00709	0.30069
s__Parabacteroides_distasonis	4.82006	0.45689	1.24885	0.40981	0.66859	3.57371	0	1.0804	2.65958	0	0	5.86028	2.30302	1.86612	2.07658	7.51429	0	9.29361	0.96248	0.49297	6.24781	2.28092	5.96909	3.34501	1.46815
s__Faecalibacterium_prausnitzii	0	2.46465	3.2508	8.35799	1.06688	4.21393	0	3.07934	2.99022	0	2.01432	1.4468	2.16618	3.70534	5.1178	1.15529	0.10013	3.97494	3.47926	2.10578	2.414	5.79755	8.22316	2.56984	0
s__Alistipes_putredinis	10.75728	7.34143	0.00139	1.66656	3.85358	6.82746	0	2.28706	4.07902	0	8.23987	4.77027	2.26526	5.43857	6.38759	3.59318	10.77482	0	6.2818	5.02219	0	1.23748	7.18525	0	3.31276
s__Lawsonibacter_asaccharolyticus	0	0.00913	0	0.08651	0.00869	0.24229	0	0.2848	0.04093	0	0.13672	0.32958	0.31874	0.15344	0.57262	0.5734	0.07301	0.42935	0.16432	0.26402	0.19113	0.19124	0.0546	0	0.81538
s__Enterocloster_bolteae	0.0256	0.00497	0.13246	0	0	0.00281	0.16448	0.13175	0.38881	1.50522	0	0.01528	0.03563	0.00039	0.01997	0.45712	0.02103	0.1919	1.12695	0	0.20161	0	0	1.17536	1.37785
s__Clostridiales_bacterium	0	0	2.15522	0	0.0297	0.25454	0	0.46132	0.46782	0	0.64383	0.5538	0.04014	0.12727	0.5259	0.4572	0.71489	0.66003	0.87018	0.05637	0.28236	0.00486	0.05866	0	0.19367
s__Dysosmobacter_sp_NSJ_60	0.0215	0.0225	0.09888	0	0	0.0396	0	0.03656	0.05515	0	0.03938	0.01	0.03242	0.09812	0.04948	0.11669	0.03246	0	0.05078	0.01892	0.08817	0	0.0352	0	0.09344
s__Eubacterium_rectale	0.20112	0.20198	0.03564	0.78977	0.32277	0.78608	0.62751	0.39164	0.02805	0	0.38072	0	1.73671	0	0.2986	0.62304	0	0.68958	1.61144	2.48247	0	0.14009	0.00316	0	0
s__Roseburia_intestinalis	0.04731	0	0.10761	0	0.02423	0.87473	0.05221	0.70695	0.33074	2.39943	0.78908	0.83782	0.43815	0	0.06554	0	0.02151	0	0.3894	0.16841	1.62052	0	1.51497	0.20065	0
s__Bilophila_wadsworthia	0	0.49441	1.16933	0.01231	0.32925	0.38848	0	0.88459	0.4354	0.56309	0.02761	0	0.68774	0.58244	0.3506	0	0	0.49072	0.43189	0.27927	0.27461	0.15471	0.41791	0	0
s__Clostridiaceae_bacterium	0	0	6.72295	0.03064	0.55106	0.55561	0	0.85015	0.84517	1.55941	0.01848	0.60488	0.4309	0.38589	0.65041	0	0	0.04131	0	0.31591	1.25519	0.4728	0.12085	0	0.2894
s__Candidatus_Cibionibacter_quicibialis	0.38219	0.43089	0	1.03831	0.23471	0.56656	0	1.2009	0	0	0.92044	0	0.1815	0.56577	0.40067	0	0.90087	0.67641	0.38269	1.12044	1.14298	0.47543	0.19255	0	0
s__Clostridium_sp_AF34_10BH	0.15436	0.01577	0.01238	0.08681	1.17128	2.37925	0	0.38325	0	0	0	0.75537	1.33931	0.16672	0.02051	0	0	0.02238	1.60929	1.25854	0	0.73375	0.38585	0	0.58523
s__Hungatella_hathewayi	0.01755	0	0.12633	0	0	0.02857	0.15817	0.00168	0	1.29931	0.01071	0.02935	0.25703	0.00086	0.0095	0.00448	0	0.01035	0.00936	0.01304	0.0026	0	0	0	0.86104
s__Lachnospira_eligens	0.08798	0.30334	0.45733	0.28348	0.31598	0.15426	0	0.74204	0.06939	0	0.21761	0	0.32337	0	0.07931	0	0	0.11885	0.43727	0.47965	0	0.37983	0.01444	0.08003	0
s__Anaerostipes_hadrus	0	0.02042	0	0.04473	0.01989	0.09637	0.58307	0.27756	0.18084	0.1889	0.03062	0	0.5623	0.05431	0	0.23489	0	0.42776	0.1677	0.07268	0	0.23435	0.17614	0	0
s__Roseburia_hominis	0	0.01305	0.15287	0.27583	0.00635	0.08546	0	0.65516	0.1807	0.01077	0.03579	1.97181	0.15638	0	0.01066	0	0	0	0	0.04073	0.25953	0.1016	0	0.14593	0.31684
s__Lacrimispora_amygdalina	0	0.0067	0.31886	0.07074	0.30327	0.18519	0	0.01935	0	0	0.25776	1.06044	0.06477	0.08476	0	0.31299	0.00147	0	0.1748	0.14418	0	0.03794	0.29297	0.77203	0
s__Clostridium_symbiosum	0	0	0.52905	0	0	0.01018	0.05015	0.27782	0.15359	1.46573	0.01171	0.08814	0.00854	0	0.01345	0.02767	1.22894	0.25656	0.22501	0	0.04939	0	0	0.05515	1.35466
s__Agathobaculum_butyriciproducens	0.07546	0.29509	0	0.03299	0.15431	0.10226	0	0.19582	0	0	0.08851	0	0.05328	0.07074	0	0.01496	0	0.01983	0.07396	0.07267	0.45892	0.09199	0.02369	0	0
s__Bacteroides_xylanisolvens	0.16731	0.02187	1.69603	0.01189	0.15722	0.14533	0	0.00714	0.00076	0	0	0.00396	0.30056	0.29303	0.09042	0.8156	1.81599	0	1.98036	2.335	0	0	0	0	0
s__Collinsella_SGB14861	0.68829	0.4529	0.15835	1.49076	0.07702	0.13958	0	0.30677	0	0	0.00569	0	0.10149	0	0.03599	0.03851	0	0.13548	0.01772	0.27352	0	1.19247	0.21552	0	0
s__Clostridium_leptum	0	0.22184	0	0.07427	0.02555	0	1.84999	0.06135	0.08965	0.36433	0.0184	0	0.04651	0.00957	0	0	1.75405	0	0	0.01691	0.00423	0.12009	0.0165	0	0.0345
s__Blautia_obeum	0	0.08594	0.26768	0.01017	0.0684	0.14025	0.30978	0.0141	0.10387	0	0.10049	0	0.03604	0.01614	0	0	0	0	0	0.09996	0.0775	0.00879	0.06947	0	0.02921
s__Bacteroides_thetaiotaomicron	0	0	2.73728	0.29284	0.11739	9.76495	0	2.97257	3.46081	40.6554	0	0.00245	1.16989	0.35764	0	0.84507	0	5.16769	3.36899	0.77536	0.46707	0	0	5.61093	0
s__Anaerobutyricum_hallii	0.38883	0.09592	0.27727	0	0.08375	0.21482	0	0.08925	0.16617	0	0.05772	0	0.40392	0.10235	0	0.17074	0	0	0	0.12823	0	0.04287	0.31344	0	0.35771
s__Evtepia_gabavorous	0.00755	0	0.29374	0.00938	0	0.03843	0	0	0	0.02265	0.0533	0.01547	0	0.02725	0.02375	0.02985	0.07955	0	0	0.069	0.01951	0	0.02112	0	0.05974
s__Gemmiger_formicilis	0.77565	0.41218	0	0.10339	0.29285	0.12043	0	0	0	0	0	0	2.4409	0.05347	0.33202	0.22291	0	0.34229	0.21146	0.23437	0.21299	0.0745	0.21972	0	0
s__Odoribacter_splanchnicus	1.07617	0	0	0.39587	0.74466	0.65337	0	0	0	0	0.77631	1.05594	1.46753	0.69491	0.37561	0.20862	0	0	0	0.58037	0.9213	0.14785	0.78425	0	0.36457
s__Roseburia_inulinivorans	0.17071	0.02699	5.24984	0.03829	0.1997	0.78442	0.00789	0.04336	0	0	0.07095	0	0.35894	0.25912	0.14801	0	0	0	0	0.18074	0	0.02118	0.0082	0	0
s__Ruminococcus_gnavus	0.11931	0	0.42897	0	0	0	0.30751	0.05778	0	0.07525	0	0.10445	0.01193	0.01284	0.00525	0.18681	0.0193	0.12927	0.05486	0	0	0	0	0.09232	0.00301
s__Alistipes_onderdonkii	0	0.37785	0	0.01485	0.74534	0.81838	0	0	0.53637	0	3.3119	4.45797	1.28012	1.21601	0.17317	0.17074	0	4.03526	0	7.62151	0	0.52345	1.16319	0	0
s__Parasutterella_excrementihominis	0	0.20479	0	0.08382	0.90716	1.27067	0	1.06966	0.81993	0	2.35441	0.06312	0	0.92257	1.97687	0	0	0	0.07037	0.34678	0.01342	0.01569	1.07966	0	0
s__Collinsella_aerofaciens	0	0.14268	0.55265	0.14848	0.0978	0.08871	2.182	0.23344	0	0	0.11032	0	0.1698	0.1417	0.16867	0	0	0.07624	0	0.11618	0	0.08761	0	0	0.07551
s__Blautia_massiliensis	0	0.04803	0	0.03996	0.06268	0.15579	0	0.2832	0.13812	0	0.07307	0.04186	0	0.20515	0.14057	0	0	0.1259	0	0.07804	0	0.03379	0.12905	0	0.00878
s__Bacteroides_fragilis	0	0.11282	0.05962	0.00705	0	2.52266	0	0.12454	1.1107	0	1.23867	1.30535	0.85868	0	0	0	0	0	0.74255	0.79901	0.2771	0	1.5082	0.15591	0
s__Firmicutes_bacterium_AF16_15	0	0.08371	0	0.05031	0.46899	0.11692	0	0.15509	0.09076	0	0.04816	0.11526	0.02877	0.0203	0	0	0	0	0	0.11282	0	0.22467	0.5963	0	0.04515
s__Clostridium_fessum	0	0.07045	0	0.18367	0.34141	0.95269	0	0.29387	1.09814	0	0	0	0.04076	0.09954	0.46496	0	0	0.70837	0.34033	0.45491	0	0.23572	0.31405	0	0
s__Alistipes_finegoldii	2.37296	2.00307	0	0.0217	0.74778	1.81315	0	2.26687	0.73801	0	0	0	0.55724	0	0	0.83748	0	2.8059	6.15251	0	3.38246	0.08103	0	0	0
s__Bifidobacterium_longum	0.02174	0.05856	0	0.02016	0.00074	0	0.45453	0	0	0.34209	0	0.03272	1.65023	0.06121	0.07017	0	0	0.04539	0	0.17102	0.20724	0	0	0	0
s__Eggerthella_lenta	0.01443	0	0.01385	0	0	0.00885	0.18947	0.00984	0.00806	0.03796	0	0.02847	0.00085	0	0	0	0	0.02332	0.06529	0	0.00498	0	0	0	0.36515
s__Enterocloster_aldenensis	0.0224	0	0.00145	0	0	0	0	0.00812	0	0.58257	0	0	0.00376	0	0.01526	0.06283	0.58951	0.18296	0.10637	0	0.06025	0	0	0.13194	0.90404
s__Enterocloster_clostridioformis	0.01096	0	0.00121	0	0	0	0.03552	0.02893	0.02871	0.48527	0	0	0.04795	0	0	1.51901	0.25134	0.03185	0.04849	0	0.25657	0	0	0	0.55182
s__Enterocloster_lavalensis	0.01716	0.02857	0	0	0	0.0178	0.02735	0.05388	0.00821	0	0.00366	0.03757	0.03568	0	0	0.07826	0	0.12379	0.29397	0	0	0	0	0	1.31148
s__Roseburia_faecis	1.39485	0.96672	0	0.73348	0.34529	4.22751	0.45014	0	0	0	6.81092	0	0.57699	0.72665	1.429	0	0	0	0	1.0363	0	0	2.00874	0	0.04816
s__Lachnospira_pectinoschiza	0	0.58255	6.23467	0.33069	0.31901	0	0.08807	0	0	0	0.70702	0	1.24769	0	0.20473	0.03808	0	2.65982	0	1.09029	0.44862	0	0	0.54708	0
s__GGB9534_SGB14937	0	0.2013	0.00807	0.01802	0	0.13158	0	0.16139	0	0	0.01805	0	0.04488	0.23205	0	0	0.80087	0	0.10725	0.06783	0.01011	0.03437	0	0	0
s__Vescimonas_coprocola	0	0.18295	0	0	0.05422	0	0	0.34229	0.17938	0	0.11629	0	0.0142	0.12201	0	0	0	0.04108	0.1982	0.28755	0.10425	0.00059	0.16031	0	0
s__Coprococcus_comes	0	0.03546	0	0.106	0.03927	0.26362	0	0.31804	0	0	0.16507	0	0.2453	0.14722	0.14318	0	0	0.2443	0	0.14537	0	0.11121	0.06534	0	0
s__Anaerotruncus_rubiinfantis	0	0.02207	0	0.00176	0	0.00454	0	0	0.00715	0.00691	0	0	0.00468	0.02175	0	0	0.01016	0	0.01771	0.00844	0.01254	0.00184	0	0	0.0597
s__Clostridia_bacterium_UC5_1_1D1	0	0.01635	0.01317	0	0	0.00174	0	0.01385	0	0	0	0.00062	0	0	0.00034	0.00299	0.05492	0.00758	0.00296	0.00034	0	0	0.00576	0	0.00235
s__GGB3653_SGB4964	0	0.01269	0	0	0	0.14476	0	0.05426	0.02308	0	0.032	0.15822	0.03434	0.01108	0	0	0	0	0.02876	0.0344	0.00176	0.03587	0	0	0.00141
s__Intestinimonas_massiliensis	0	0.01031	0.43206	0.01487	0	0.00245	0	0	0.03717	0	0	0	0.03363	0.00211	0	0	3.12032	0.01224	0.00221	0	0.13644	0.01042	0	0	0.19742
s__Anaerotruncus_colihominis	0	0.00233	0.9718	0	0	0	0	0.18815	0.01405	0.32882	0.00304	0.00318	0.01091	0	0	0.00142	0	0	0.04719	0	0.13934	0	0	0.05107	0.1301
s__Clostridiales_bacterium_1_7_47FAA	0	0	0.87989	0.00065	0	0.00507	0	0.0321	0.03838	0.03665	0	0.00472	0.00574	0	0	0.02186	0	0.00826	0.13372	0	0	0	0.00488	0	0.04198
s__Ruminococcus_bromii	0	0	0.7585	0.06755	0.09149	1.08782	0	0	0	0	1.04302	0	0	0.40771	0.51028	0.26864	0	0	0	1.7191	4.10686	0.14711	1.11426	0	2.17431
s__Enterocloster_citroniae	0	0	0.08112	0	0	0.00859	0.11199	0.00099	0.00989	0.08849	0	0.00275	0	0.00475	0	0.00908	0	0.01023	0.02935	0	0.02069	0	0	0	0.28354
s__Eubacterium_siraeum	0	0	0.05949	0.81072	0	0	0	0.0842	1.37092	0	0	0	0.21725	0.43027	0	0	0	0.53998	0.14779	0.01585	2.33912	0.24112	0.30337	0	1.57675
s__GGB58158_SGB79798	0	0	0	0	0	0.01324	0.00165	0.01663	0.01974	0	0.01258	0.0675	0	0.0135	0	0	0.07041	0	0.01563	0.02199	0.05317	0.00041	0	0	0.09935
s__Alistipes_shahii	1.48536	2.18396	0	0.49689	0.13494	0.43666	0	0	0	0	0.8607	0.35641	0.87029	0	0	0.18578	0	0	0.62525	0	0	0.13399	0.56241	0	0
s__Clostridium_sp_AT4	0.10752	0	0.72554	0	0	0.01829	2.19245	0.18659	0.13993	0	0.02771	0.20087	0	0.07591	0.03663	0	0.19122	0	0	0.00342	0	0	0	0	0
s__Dorea_formicigenerans	0.04571	0.04219	0	0	0.02992	0.0376	0	0	0	0	0.01097	0	0	0.07138	0.02336	0	0	0.01819	0.01964	0.00471	0	0.02784	0.05823	0	0
s__Escherichia_coli	0.1266	0	1.10153	0.00503	0.28414	0	5.12408	0	0.00195	0.81523	1.31837	0	0.24057	0	0	0.00421	2.25769	0	0	0	0	0	0	1.21879	0
s__Phascolarctobacterium_faecium	0	0.91133	0	0.00599	0.28553	1.1391	0	1.09188	0	0	0	0	1.30149	1.19737	2.42775	0	2.83316	1.32596	0	0	0	0.27797	1.30724	0	0
s__Bacteroides_caccae	0	0.73365	0	0.92237	1.49554	0	0	0.19129	0	36.42752	0	2.99567	1.22412	1.1048	1.16553	1.48517	0	2.00349	0	0	4.12326	0	0	0	0
s__Streptococcus_salivarius	0	0.36796	0.02803	0.14114	0	0	0	0.00129	0	0.01319	0.15255	0.0088	0.00373	0	0	0	0	0	0	0.01117	0	0.00304	0.01838	0.27037	0
s__Bacteroides_stercoris	0	0.22712	13.32295	0.07173	1.14402	0	0	0	0	0	5.83798	1.01595	1.87962	3.45208	5.64218	11.08364	0	0	0	4.43249	0	0.02847	0	0	0
s__GGB2653_SGB3574	0	0.04991	0.12098	0.00663	0	0.01419	0	0.03632	0.02177	0	0	0	0.04647	0.009	0	0	0	0	0.03625	0	0.01163	0.02864	0	0	0.03928
s__Streptococcus_thermophilus	0	0.00868	0	0.00691	0	0.00915	0.05806	0	0	0.0378	0	0.04757	0	0.01651	0.00496	0	0.52776	0.00806	0.00401	0	0	0.01349	0	0	0
s__Holdemania_filiformis	0	0.00117	0	0.00599	0	0.09191	0	0.13916	0.05088	0.15195	0	0	0	0	0	0.11333	0.08447	0	0.232	0.00866	0.08922	0.00863	0	0	0
s__Dialister_invisus	0	0	0.36127	0.36099	0	0	0	0	4.30425	1.25482	0.38961	0	0.07554	0	0	1.73009	0	0	0.73342	0.94251	0.45894	0.34515	0	0	0.1219
s__Phocea_massiliensis	0	0	0.06531	0	0	0.02544	0.11249	0	0.02528	0	0.04606	0	0.00111	0.06409	0.027	0	0.05913	0	0	0.02688	0.05737	0.00031	0	0	0
s__Methylobacterium_SGB15164	0	0	0	0.0125	0	0	0	0	0.05509	0	0.07931	0	0.00952	0.08982	0.22394	0.08607	0	0	0.00762	0.09831	0	0.00793	0.03753	0	0.10667
s__Clostridia_bacterium_UC5_1_1E11	0	0	0	0	0	0.02804	0	0.04617	0.02173	0	0.04359	0	0.04256	0.00135	0.0173	0.04637	3.1444	0	0.09909	0	0.00444	0	0	0	0.29904
s__Collinsella_SGB4121	0	0	0	0	0	0	0	0.036	0	0.01054	0.00721	0.01577	0.03134	0.05345	0.11486	0	0	0	0.03787	0.03381	0	0.01376	0.02225	0	0.21374
s__Dysosmobacter_sp_BX15	1.73423	0.01444	0	0.48404	0.91042	1.68623	0	0.12591	0	0	0	0	1.27226	0	0	0	1.28462	0	0	1.1117	0	0.60125	0.44935	0	0
s__Roseburia_sp_AF02_12	0.04871	0.1993	0	0.01333	0.07694	1.01821	0	0.36601	0	0	0	0	0.01692	0.01088	0	0.34791	0	0	0	0	0	0.13595	0	0	5.9837
s__Ruminococcus_bicirculans	0	0.57599	0.16551	3.49908	0.31362	0.00117	0.10586	0	0	1.24751	0.42925	0	1.65148	0	0	0	0	0	0	6.31703	0	0.02593	0	0	0
s__Clostridium_sp_AF36_4	0	0.28526	0.16039	0.15389	0	0	0	0.49439	0.12679	0	0	0.08168	0.10479	0	0	0	0	0	0.34386	0.55331	0	0.06343	0	0	0.12632
s__Dorea_longicatena	0	0.11505	1.00598	0.06036	0.13156	0.12906	0	0	0.0217	0	0	0	0.38758	0.28803	0	0	0	0	0	0.25573	0	0.19911	0.1495	0	0
s__Streptococcus_parasanguinis	0	0.09034	0.0174	0.43047	0.00781	0	0	0.02321	0	0	0.02219	0	0.00329	0	0	0	0	0	0.02998	0	0	0.00434	0.01121	0.16188	0
s__GGB3746_SGB5089	0	0.00962	0	0	0.06441	0	0	0.01529	0	0	0.15613	0.40018	0.01891	0.22819	0	0	0	0	0.02613	0	0	0.01691	0.20385	0	0.02025
s__Christensenellaceae_bacterium_NSJ_63	0	0.00102	0.00027	0	0	0.00059	0	0.02152	0.04271	0	0	0	0.01383	0.02074	0	0	0	0.01019	0	0.00051	0	0.00042	0	0	0.06989
s__Erysipelatoclostridium_ramosum	0	0	0.09019	0	0	0	0.00454	0.00867	0	0.01149	0	0.0015	0	0	0.00625	0.00299	0.03715	0.00666	0.06664	0	0	0	0	0	0.01307
s__Clostridiales_bacterium_KLE1615	0	0	0.01748	0.05125	0.09547	0.05922	0	0.03031	0.00316	0	0.15076	0	0	0.04905	0	0.01879	0	0	0	0.13967	0	0.41624	0	0	0
s__Blautia_caecimuris	0	0	0.00873	0	0	0	0.92794	0	0.01053	0.00766	0	0.06643	0	0	0.00904	0.02041	0.0012	0.07634	0.38792	0	0.03165	0	0	0	0
s__Intestinimonas_butyriciproducens	0	0	0	0	0	0.04174	0	0	0.00557	0	0.03008	0.16237	0.17158	0.00174	0.01762	0.03064	0	0	0.05401	0.16465	0.0268	0	0	0	0
s__GGB9480_SGB14874	0.46232	0	0	0	0	0.26259	2.35352	0	0.19914	0	0	0	0	0.53671	0	0	0.64573	0	1.66983	0	0.20318	0	0	0.29494	1.65011
s__Phocaeicola_dorei	0.45474	0	0.00063	0	0	0	0	2.43885	11.92584	0	5.24248	21.58034	0	0	0	0	0	30.80233	0	0	0	0.692	13.32325	0	9.88095
s__GGB9713_SGB15249	0	0.53229	0	0.79841	0.10705	0.03079	0	0	0.95998	0	0	0	1.49941	0	0	0	0	0	4.62203	0.8744	0	0.7486	0.01077	0	0
s__Lacrimispora_celerecrescens	0	0.24074	0	0.04375	0.0399	0	0	0	0	0	0.0497	0.3599	0	0.2384	0.20004	0	0	0	0	0.12616	0	0.11762	0.35487	0	0
s__Lachnospiraceae_bacterium	0	0.0842	0	0.00114	0.01776	0.04131	0	0	0	0	0	0.00017	0	0.01529	0	0	0	0	0	0.05019	0	0.03372	0.01102	0.00225	0
s__Hydrogenoanaerobacterium_saccharovorans	0	0.03221	0	0.15124	0	0	0	0	0	0	0	0.2393	0.07064	0.23957	0	0.09551	0	0	0.01572	0.1093	0.09707	0.04856	0	0	0
s__Candidatus_Pararuminococcus_gallinarum	0	0.01376	0.07486	0.03512	0	0.00416	0	0	0.00947	0	0	0	0.00388	0	0	0	0	0	0	0.01026	0.03221	0.00119	0	0	0.05621
s__Faecalibacterium_SGB15315	0	0.0106	0	0.00236	0.00613	0	0	0.54595	0	0	0	0	1.19382	0	0	0	0	0	0	0.04068	0.00601	0.36138	1.72078	0	1.32967
s__GGB9699_SGB15216	0	0.0018	0	0.00165	0.09335	0.03781	0	0.56228	0	0	0	0	0.07666	0.0407	0	0	0	0	0	0.0447	0	0.06726	0.03369	0	0
s__Clostridium_SGB4750	0	0.0011	0	0.04782	0	0.08946	0	0.01943	0	0	0.07057	0	0.09122	0.03564	0	0	0	0	0	0.00355	0	0.07716	0.06139	0	0
s__Lachnotalea_sp_AF33_28	0	5.00E-05	0.013	0	0	0	0	0.00956	0.02951	0	0	0.05906	0.00589	0.0013	0	0	0	0	0	0.00024	0.00503	0	0	0	0.04697
s__Longicatena_caecimuris	0	0	0.57646	0	0	0	0.10208	0	0	0	0.00055	0.01584	0	0	0	0.03776	0.05095	0.00371	0.10175	0	0.01639	0	0.02688	0	0
s__Faecalimonas_umbilicata	0	0	0.27718	0	0	0	0.2405	0.07883	0.05982	0.06271	0	0.06342	0	0	0	0.0653	0	0	0	0	0.03264	0	0	0.00431	0.15054
s__Adlercreutzia_equolifaciens	0	0	0.10962	0	0	0	0	0.0791	0.04223	0	0.00254	0	0.00519	0	0.01175	0.01089	0	0.01859	0.00481	0.04839	0	0	0	0	0
s__Clostridium_sp_AM22_11AC	0	0	0	0.04786	0.02096	0.09779	0.10357	0	0	0	0	0	0.02248	0.03158	0.02913	0	0	0	0	0.23971	0	0.05856	0.38923	0	0
s__Bacteroides_cellulosilyticus	0	0	0	0.00969	0.0325	0.07098	0	0	12.52774	0	2.49238	3.34288	4.18318	0	0	0.09808	0	14.63642	0	0	0	0.05797	0	0	0
s__Eisenbergiella_massiliensis	0	0	0	0	0	0	0.20346	0.01514	0	0.03072	0	0	0.03731	0	0.01999	0	0.26816	0.07162	0.95181	0	0.00988	0	0	0	0.40122
s__Eubacterium_ramulus	0.02253	0	0	0	0.01758	0.25245	0	0.48144	0	0	0.03617	0	0	0	0	0	0	0.12461	0	0.05422	0	0.02058	0.01301	0	0
s__Parabacteroides_merdae	1.36584	0	0	1.03444	1.17447	0	0	2.07691	0	0	0	0	0	0.99323	0.68561	1.35853	0	0	0	0	0	0	5.82316	0.26924	0
s__Phascolarctobacterium_SGB4573	0.04518	0.01357	0.01611	0	0	0.01478	0	0.90386	0.04544	0	0.03766	0	0	0	0	0	0	0.02282	2.86791	0	0	0	0	0	0
s__Oscillibacter_sp_ER4	0	0.14995	0	0.22319	0	1.14403	0	0.22162	0	0	0	0	1.52095	0.18794	0	0	0	0	0	2.7448	0	0.63039	0.28701	0	0
s__Mediterraneibacter_butyricigenes	0	0.04502	0	0.00323	0.01351	0.00051	0	0	0.01168	0	0	0	0.00268	0.0032	0	0	0	0	0	0.00237	0	0.00214	0	0	0
s__GGB33586_SGB53517	0	0.03105	0	0	0	0	0	0.05026	0.06163	0	0	0	0.04195	0.01193	0	0	0.0294	0	0	0.06759	0	0.01134	0	0	0.07364
s__GGB32900_SGB53446	0	0.02457	0	0.01838	0	0.03176	0	0	0	0	0	0	0.02019	0	0	0	0.01636	0	0.0231	0.01103	0	0.03886	0	0	0.05711
s__Coprococcus_catus	0	0.01201	0	0.02495	0.00306	0	0	0	0	0	0.03879	0	0.0328	0.01915	0	0	0	0	0	0.02877	0	0.02278	0.02494	0	0
s__Haemophilus_parainfluenzae	0	0.00098	0	0	0.00962	0	0	0	0	0.0042	0	0	0.00676	0	0	0	0	0.00735	0	0.02586	0	0.00103	0.04869	0.16731	0
s__Anaerotignum_faecicola	0	0	3.02058	0	0.33734	0	0	0.81439	0	0	0.39317	0	0.56773	0.25847	0.41239	0	0	0	0	0	0	0.14337	0	0.01221	0
s__Sellimonas_intestinalis	0	0	0.03041	0	0	0	0	0.01716	0	0	0	0	0.0156	0	0.01456	0.03433	0	0	0.0037	0	0.00257	0	0	0.01525	0.03176
s__Waltera_intestinalis	0	0	0.00961	0.01259	0.05006	0	0	0	0	0	0	0	0	0	0.10299	0	0	0	0	0.06701	0.46407	0.36293	0.31411	0.04352	0
s__Rheinheimera_SGB14999	0	0	0.007	0.02696	0.01479	0.01177	0	0	0	0	0	0.00537	0.01027	0.09492	0	0	0	0.00829	0	0	0	0.00448	0	0	0
s__Enterocloster_asparagiformis	0	0	0.00284	0	0	0	0	0.04351	0.05006	0	0.01556	0.04301	0	0.00777	0	0	0	0	0.04166	0	0.1452	0	0	0.10452	0
s__GGB3109_SGB4119	0.00439	0.0552	0.13131	0	0	0.05371	0.2612	0	0	0	0	0	0	0	0	0	0.00539	0.04012	0	0	0	0	0	0	0.00208
s__GGB9614_SGB15049	0.03555	0	0.06207	0	0.03872	0	0	0	0	0	0	0.04528	0.01993	0.35414	0	0	0	0	0	0	0	0.00599	0.19649	0	0
s__Akkermansia_muciniphila	0	3.65851	0	0	0	0	0.1817	4.62777	0	0	0	0	0.36962	0	0	0.88493	0	0	0	0.47368	0	0	0	0.59882	31.11742
s__Barnesiella_intestinihominis	0	1.70919	0	0.32075	1.5194	0	0	0.86369	0	0	0	3.90682	2.95722	0	1.71091	0	0	0	0	0	0	0.34785	0	0	0
s__Candidatus_Borkfalkia_ceftriaxoniphila	0	0.26494	0	0	0	0	0	0.09981	0	0.51243	0	0.08831	0.05688	0.07291	0	0.0133	0	0	0	0	0	0	0.09765	0	0
s__Lachnospira_sp_NSJ_43	0	0.20692	0	0.79286	0	0.12088	0	0	0	0	0.02402	0	0.07165	0	0	0	0	0	0	1.49536	0	0.11998	1.27291	0	0
s__Sutterella_wadsworthensis	0	0.16012	0	0	0.02412	0	0	0	0	0	0	0	0	0	0	0	0.16927	0	0.49168	0.71831	1.68619	0.31842	0	0.80609	0
s__GGB9531_SGB14932	0	0.14071	0.16214	0	0	0.01829	0	0.81219	0.07731	0	0	0	0.10553	0	0	0	0	0	0.2862	0	0	0	0	0	0.04638
s__Faecalibacterium_SGB15346	0	0.13728	0	0.22157	0.06307	0.68591	0	0	0	0	0	0	0	0.65979	0.08132	0	0	0	0	1.67496	0	0.11045	0	0	0
s__Ruminococcaceae_bacterium_AM28_23LB	0	0.04773	0	0.00804	0	0	0	0	0	0	0.01002	0	0	0	0	0	0	0	0.0035	0.0163	0.01353	0.00099	0	0	0.01097
s__Coprobacter_fastidiosus	0	0.03893	0	0	0.00474	0	0	0.07711	1.24028	0	0	0.66964	0	0	0.33354	1.61313	0	4.27886	0	0	0	0	0	0	0
s__Anaerobutyricum_soehngenii	0	0.02671	0	0.09101	0.00431	0	0.87457	0.00079	0	0	0.01637	0	0	0.00246	0	0	0	0	0	0	0	0.00061	0	0	0
s__GGB3819_SGB5184	0	0.01626	0.48439	0	0	0.05557	0	0	0.13204	0	0	0	0	0.05458	0.05006	0.12403	0	0	0.16913	0	0	0	0	0	0
s__Oscillospiraceae_bacterium_NSJ_64	0	0	0.0102	0.00116	0	0	0	0	0	0	0	0	0.00058	0.01126	0	0	0	0	0.00757	0.00343	0.00655	0.00389	0	0	0
s__Blautia_producta	0	0	0.00414	0	0	0	0.11187	0	0	0.01573	0	0.19656	0	0	0	0	0.1251	0.00576	0.01279	0	0	0	0	0	0.06337
s__GGB9512_SGB14909	0	0	0	0.05295	0.13964	0	0	0.30766	0	0	0	0	0	0	0	0	0.21282	0	0.89253	0.33658	0.67868	0.00481	0	0	0
s__Nitrosopumilus_SGB14899	0	0	0	0.02424	0	0	0	0	0.06105	0	0	0	0.14586	0.04922	0	0.00179	0.06033	0	0.07843	0	0	0.024	0	0	0
s__Clostridiaceae_bacterium_Marseille_Q4143	0	0	0	0.00731	0	0.05127	0	0	0	0	0.0079	0.03495	0.05687	0.02095	0	0	0	0	0	0	0	0.0167	0.041	0	0
s__GGB79973_SGB14341	0	0	0	0.00506	0.03313	0	0	0.21683	0	0.01815	0	0	0.02013	0	0.02798	0	0	0	0	0.09038	0	0.04089	0	0	0
s__GGB9719_SGB15273	0	0	0	0	0	0.0103	0	0.02784	0.06501	0	0	0	0.00243	0	0	0.17779	0.60937	0	0	0.00871	0	0	0.46812	0	0
s__Lachnoclostridium_edouardi	0	0	0	0	0	0.00061	0	0.02263	0.00977	0	0	0.01818	0	0.00384	0	0	0	0	0.02818	0	0.01417	0	0	0	0.02878
s__Bacteroides_faecis	2.17198	0.4561	0	0.02926	0.85945	0	0	0	0	0.00335	0	6.8806	0	0	0	0	0	0	0	0	0	0.34414	0	0	0
s__Clostridium_scindens	0.00995	0	0	0	0	0	0	0	0.0024	0.03257	0	0.00889	0	0	0	0	0	0	0	0	0.00926	0	0	0.01629	0.08313
s__Harryflintia_acetispora	0.01012	0.00295	0	0	0	0.00236	0	0	0	0	0	0	0	0	0	0	0	0	0.00287	0.0042	0.02375	0	0	0	0.01486
s__Klebsiella_pneumoniae	0.00682	0	0	0	0	0	0	0.003	0.02722	0	1.95267	0.56244	0	0	0	0	0	0	0	0	0	0	0.03803	0.09193	0
s__Pseudoflavonifractor_gallinarum	0.00391	0	0.00074	0	0	0	0	0	0	0	0.00217	0	0	0.00276	0.02113	0.00195	0	0	0	0	0.01315	0	0	0	0
s__Alistipes_communis	0	0.92782	0	0.10697	0	0	0	0	0	0	0	0.06203	0	0	0	0.17875	0	0	0.16853	3.17281	0	0.16231	0	0	0
s__Lawsonibacter_sp_NSJ_51	0	0.27194	0	0.00905	0	0.07516	0	0	0.16139	0	0	0	0.00501	0	0	0	0	0	0.17463	0.03066	0	0	0	0	0
s__Alistipes_indistinctus	0	0.26701	0	0	0	0	0	0	0.23773	0	0	0.04497	0.12875	0	0	0.03112	0.80903	0	0	0	0	0.0209	0	0	0
s__Bifidobacterium_adolescentis	0	0.15582	0	0.17603	0.07404	0	6.63399	0	0	0	0.01795	0	0	0	0	0	0	0	0	0.11857	0	0.16432	0	0	0
s__Clostridium_sp_AM49_4BH	0	0.09234	0	0	0.06393	0	0	0.12559	0	0	0	0	0.632	0	0	0	0	0	0	0.09053	0	0.14781	0	0	0.00509
s__Clostridium_sp_AM33_3	0	0.05487	0	0.01879	0.01513	0.09417	0	0	0	0	0.05666	0	0	0	0	0	0	0	0	0	0	0.03827	0.03869	0	0
s__GGB9707_SGB15229	0	0.05394	0	0.02475	0.28109	0	0	0.00817	0	0	0	0	0.09764	0	0	0	0	0	0	0	0	0.05165	0.05616	0	0
s__Faecalibacillus_intestinalis	0	0.03765	0	0	0.04325	0.0556	0	0	0	0	0	0.36336	0	0	0	0	0	0	0	0.038	0	0.05948	0.02034	0	0
s__Eubacterium_ventriosum	0	0.0353	1.65378	0.04716	0.01233	0	0	0	0	0	0.13355	0	0	0.01604	0	0	0	0	0	0	0	0.06955	0	0	0
s__Monoglobus_pectinilyticus	0	0.02112	0	0	0	0	0.08397	0.13756	0	0.22798	0	0	0	0	0	0	0	0	0	0.05452	0.4779	0	0	0	0.10637
s__GGB51510_SGB71883	0	0	0.06851	0	0	0.00358	0.23639	0	0	0.08862	0	0.0162	0	0	0	0.0117	0	0	0	0	0	0	0	0	0.00484
s__Romboutsia_timonensis	0	0	0.03603	0	0	0	0	0	0	0	0.00712	0	0.00071	0.02082	0	0	0	0	0	0.03394	0	0	0.03763	0.08958	0
s__Clostridium_spiroforme	0	0	0.03079	0	0	0	0.04054	0	0	0	0	0.01013	0	0	0.00392	0	0	0	0	0.0076	0.00059	0	0	0	0.04265
s__GGB80011_SGB15265	0	0	0	0.60558	0.06926	0.00149	0	0	0	0	2.28031	0	1.35681	0	0	0	0	0	0	2.93398	0	0	0.21349	0	0
s__Neglectibacter_timonensis	0	0	0	0.04981	0	0.00294	0	0	0.01308	0	0	0	0.00725	0.03097	0	0	0	0	0	0	0	0.00602	0	0	0.04581
s__GGB9619_SGB15067	0	0	0	0	0	0.02766	0	0.01359	0	0	0	0	0.13583	0.20717	0	0	0	0	0	0.08073	0	0.0035	0.14278	0	0
s__GGB42994_SGB4746	0	0	0	0	0	0	0	0	0.8075	0	0	0.46755	0	0.15752	0.09216	0.22018	0	0	0	0.00573	0.00627	0	0	0	0
s__Acidaminococcus_intestini	0.52472	0.47841	0	0.27933	0	0	0	0	0	0	3.30652	0	0	0.86098	0	0	0	0	0	0	0.6885	0	0	0	0
s__Clostridium_sp_AF20_17LB	0.74784	0	0	0.09278	0.23783	0	0	0	0	0	0	0	0.02866	0	0	0	0	0	0	0	0	0.0158	0.24473	0	0
s__GGB9719_SGB15272	0.02673	0	0	0	0	0	0	0	0	0	0	0.18344	0	0	0	0	0	0	0.42898	0	0.58821	0	0.00224	0	0.73457
s__Holdemania_massiliensis	0.00588	0	0.22147	0	0	0.0033	0	0	0	0	0	0	0.04597	0	0.06932	0	0	0	0	0	0	0	0.03626	0	0
s__Prevotella_copri_clade_A	40.49969	0	0.01512	24.10038	53.64118	0	0	0	0	0	0	0	0	0	0	0	0	0	0	0	0	2.0539	0	37.14579	0
s__Tyzzerella_nexilis	0.10627	0	0.07745	0	0	0	0.1542	0	0	0	0	0	0	0	0	0.00578	0	0	0	0	0.02441	0	0	0	0.11812
s__GGB9708_SGB15234	0	0.69561	0	0.08453	0	0.09257	0	0	0	0	0	0	0	0	0	0	0	0	0.0432	0	0	1.10446	0.31808	0	0
s__Ruminococcus_lactaris	0	0.16038	1.06062	0	0.07259	0.38978	0	0	0	0	0.12429	0	0.36214	0	0	0	0	0	0	0	0	0	0	0	0
s__GGB13404_SGB14252	0	0.14274	0	0.1488	0	0	0	0	0	0	0	0	0.0088	0	0	0	0	0	0.03149	0.09071	0	0.05469	0	0	0
s__GGB80140_SGB15224	0	0.05933	0	0.08849	0	0	0	0	0	0	0	0	0.03263	0.04725	0	0	0	0	0	0	0	0.01923	0.13544	0	0
s__Sanguibacter_SGB15121	0	0.04359	0	0	0	0	0	0.08684	0.0272	0	0	0	0	0	0	0	0	0.00491	0.04335	0	0	0	0	0.00801	0
s__Lachnospiraceae_bacterium_OM04_12BH	0	0.02285	0	0.00189	0.00522	0	0	0	0	0	0	0	0.16926	0	0	0	0	0	0	0	0	0.00905	0	0.01725	0
s__Eubacteriaceae_bacterium	0	0.01823	0.45265	0	0	0	0	0.03131	0	0	0	0	0.22454	0	0	0	0.59332	0	0	0	0	0	0	0	0.37096
s__Lacrimispora_saccharolytica	0	0.01622	0	0	0	0	3.25559	0	0	0	0	0.01089	0	0	0	0.10164	0	0	0.17705	0.02034	0	0	0	0	0
s__GGB9537_SGB14940	0	0.00489	0	0	0	0.0063	0	0.1436	0	0	0	0	0	0	0	0	0.02592	0	0.00426	0	0	0	0	0	0.07183
s__Blautia_stercoris	0	0.00232	0	0	0.07361	0	0	0	0	0	0	0	0	0.01733	0	0	0	0	0	0.01257	0	0	0.31712	0.00626	0
s__Veillonella_dispar	0	0.00154	0	0	0	0	0	0	0	0	0.02985	0	0.00944	0	0	0	0	0	0	0	0.00712	0	0.00659	0.07804	0
s__Longibaculum_muris	0	0	0.09091	0	0	0	0	0.09689	0.02009	0	0	0.01465	0.0456	0	0.1169	0	0	0	0	0	0	0	0	0	0
s__Coprobacillus_cateniformis	0	0	0.05856	0	0	0	0.12165	0.00701	0	0	0.00799	0	0	0	0	0	0.00386	0	0	0.00729	0	0	0	0	0
s__Intestinibacter_bartlettii	0	0	0.01245	0	0	0	0.53066	0	0	0	0	0	0	0.01491	0	0	0	0	0	0.01958	0.01041	0	0.00632	0	0
s__GGB33469_SGB15236	0	0	0	2.19502	0	0.17639	0	0	0	0	0	0	1.19524	0	0	0	0	0	0.16299	0	0	0.56699	0.3225	0	0
s__Intestinimonas_gabonensis	0	0	0	0.04656	0	0.00013	0	0	0	0	0	0	0	0.01736	0	0.00016	0.02928	0	0	0	0.00625	0	0	0	0
s__GGB2970_SGB3952	0	0	0	0.03152	0	0	0	0	0	0	0	0	0.04116	0.02203	0	0	0	0	0.00195	0	0	0.02808	0	0	0.04662
s__Bacteroides_finegoldii	0	0	0	0.02717	0	0	0	0	0	0	0	2.77011	0	0.35823	0	0	2.27126	0	0	0	3.27035	0.05692	0	0	0
s__GGB52130_SGB14966	0	0	0	0.00511	0	0.04649	0	0	0	0	0.02461	0	0.03115	0	0	0.10577	0	0	0	0	0	0.01751	0	0	0
s__GGB3061_SGB4063	0	0	0	0.00495	0	0.00455	0	0	0	0	0	0	0.0246	0	0	0	0	0	0.01464	0.01723	0	0.01479	0	0	0
s__Clostridiaceae_bacterium_AF18_31LB	0	0	0	0	0.00662	0.02415	0	0	0	0	0	0	0.00532	0.022	0	0	0	0	0	0.02285	0	0.04576	0	0	0
s__GGB9063_SGB13982	0	0	0	0	0.00424	0.04038	0	0	0.02247	0.0455	0	0	0	0	0	0	0	0	0	1.08322	0	0.03831	0	0	0
s__Massiliimalia_timonensis	0	0	0	0	0	0.00262	0	0.00172	0	0	0	0.01006	0	0	0	0	0.0042	0	0	0	0.00067	0	0	0	0.00065
s__Clostridiales_bacterium_Choco116	0	0	0	0	0	0	0	0.39998	0.2627	0	0	0	0	0.07931	0	0	0	0	0.00877	0	0.00514	0	0.06678	0	0
s__Anaerofilum_sp_BX8	0	0	0	0	0	0	0	0.0248	0	0	0	0	0.01046	0	0	0	0.03661	0	0.0531	0	0	0	0.00234	0	0.00166
s__Anaerotruncus_massiliensis	0	0	0	0	0	0	0	0.01261	0	0	0	0	0.0061	0.00672	0	0	1.42831	0	0.11706	0.00814	0	0	0	0	0
s__Pseudoflavonifractor_capillosus	0	0	0	0	0	0	0	0	0.02434	0	0	0	0	0.00024	0	0	0	0	0	0.00366	0.01434	0	0.00112	0	0.00126
s__GGB9581_SGB79823	0.01464	0	0	0	0	0	0	0	0	0	0	0	0	0	0.02879	0.01064	0.00674	0	0	0	0	0	0	0	0.00616
s__Phocaeicola_massiliensis	7.21631	0	0	0	1.5416	0	0	0	0	0	0	0	0	4.99888	2.26563	10.00108	0	0	0	0	0	0	0	0	0
s__Clostridium_sp_1001270H_150608_G6	0	1.12594	0	0	0.3002	0	0	0	1.3493	0	0	0	0	0	0	0	0	0	0	0	0	0.02714	0	0.02038	0
s__Parabacteroides_goldsteinii	0	1.05339	0	0	0	0.50459	0	0	0	0	0	0	0.46854	0.11195	0	0	0	0	0	0.0005	0	0	0	0	0
s__Paraprevotella_clara	0	0.1978	0	0	0.62816	0	0	0.2471	0	0	0	0	0	0.96898	0	1.64893	0	0	0	0	0	0	0	0	0
s__Streptococcus_SGB14137	0	0.11055	0	0	0	0.06789	0	0	0	0	0	0	0	0	0	0	0	0	0.10634	0	0.02453	0.08147	0	0	0
s__Anaeromassilibacillus_sp_An250	0	0.07503	0	0.20267	0	0	0.65374	0	0	0	0	0	0	0	0	0	0	0	0	0.02806	0	0.04908	0	0	0
s__Faecalicatena_fissicatena	0	0.04122	0	0	0.14797	0	0	0	0	0	0	0	0	0	0	0	0	0.03988	0	0	0	0.22356	0.25658	0	0
s__Lachnospiraceae_bacterium_AM48_27BH	0	0.03179	0.01448	0.09607	0	0	0	0	0	0	0	0	0	0	0	0	0	0	0	0	0	0.08872	0.26903	0	0
s__GGB9524_SGB14924	0	0.0302	0	0	0.01738	0	0	0	0.05499	0	0	0	0	0	0	0	0	0	0	0	0	0	0.00619	0	0.07356
s__Clostridiaceae_unclassified_SGB4747	0	0.01612	0	0	0	0.1336	0	0.65863	0	0	0	0	0	0.00424	0	0	0	0	0	0	0	0	0	0.03029	0
s__Clostridium_sp_AF27_2AA	0	0.01488	0	0	0.20559	0	0	0	0	0	0	0	0	0	0	0	0	0	0	0.05395	0.16822	0	0.06237	0	0
s__Dorea_sp_AF36_15AT	0	0.00956	0	0.00456	0	0	0	0	0.00505	0	0	0	0	0.01255	0	0	0	0.02821	0	0	0	0	0	0	0
s__Coprococcus_sp_AF21_14LB	0	0.00034	0.20598	0	0	0	0.04424	0	0	0	0.01874	0.05182	0	0	0	0	0	0	0	0	0	0	0	0	0
s__Mediterraneibacter_glycyrrhizinilyticus	0	0	0.23339	0	0	0	0	0	0	0.01329	0	0.0025	0	0	0	0.00692	0	0	0	0	0.00703	0	0	0	0
s__Dielma_fastidiosa	0	0	0.08475	0	0	0.00382	0	0	0	0	0	0	0	0	0	0.01648	0.01039	0	0	0	0.05088	0	0	0	0
s__Anaerostipes_caccae	0	0	0.00435	0	0	0	0	0	0	0	0	0.01973	0	0	0.01333	0	0.00106	0	0	0	0	0	0	0	0.00125
s__Eubacteriales_unclassified_SGB15145	0	0	0	0.00842	0.02476	0	0	0	0	0	0	0	0.01338	0.09393	0	0	0	0	0	0	0	0.00529	0	0	0
s__GGB2848_SGB3813	0	0	0	0.00224	0	0	0	0.00913	0	0	0	0	0.02952	0	0	0	0	0	0	0.06326	0	0.00152	0	0	0
s__Angelakisella_massiliensis	0	0	0	0.00073	0	0.02725	0	0	0	0	0	0	0.00445	0	0	0	0	0	0	0.00854	0.04846	0	0	0	0
s__GGB79734_SGB15291	0	0	0	0	0.07602	0	0	0	0	0	0	0	0	0.03024	0	0	0	0	0	0.40436	0.06723	0.17156	0	0	0
s__Veillonella_parvula	0	0	0	0	0.01621	0	0	0	0	0.00055	0.00821	0	0	0	0	0	0	0	0	0.00471	0	0	0	0.01247	0
s__GGB9501_SGB14898	0	0	0	0	0	0.05994	0	0	0	0	0	0	0	0	0	0	0	0	0	0.03127	0.41461	0	0.09502	0	0.27758
s__Lawsonibacter_sp_NSJ_52	0	0	0	0	0	0.01388	0	0.01961	0	0	0	0	0	0.03676	0.01324	0	0	0	0.00872	0	0	0	0	0	0
s__Clostridium_sp_chh4_2	0	0	0	0	0	0.00078	0	0.01509	0	0	0.00013	0.00532	0	0	0	0	0	0	0.01368	0	0	0	0	0	0
s__Collinsella_SGB14987	0	0	0	0	0	0	0.03202	0	0.12168	0	0	0.05717	0	0	0	0	0.15833	0	0	0	0	0	0	0.00419	0
s__Desulfovibrio_fairfieldensis	0	0	0	0	0	0	0	0.21131	0	0	0.13053	0	0	0	0	0	0	0	0.64921	0	0.80208	0	0	0	0.86567
s__GGB52106_SGB72838	0	0	0	0	0	0	0	0.04554	0	0	0	0	0.02013	0.0484	0.04103	0	0	0	0	0	0.04793	0	0	0	0
s__Candidatus_Avimonas_narfia	0	0	0	0	0	0	0	0.01556	0	0	0	0	0.01381	0	0	0	0	0	0.00711	0.00324	0.01271	0	0	0	0
s__GGB9210_SGB14149	0	0	0	0	0	0	0	0.00459	0	0	0	0	0	0	0	0	0	0	0.09105	0.37994	0	0.04718	0	0	0.12076
s__GGB55957_SGB77276	0	0	0	0	0	0	0	0	0	0.03426	0	0	0	0	0.02048	0	0	0.05035	0	0	0.0063	0	0	0.00857	0
s__Massilioclostridium_coli	0	0	0	0	0	0	0	0	0	0	0	0.00103	0.00378	0	0	0	0	0	0.04947	0.00271	0.00111	0	0	0	0
s__GGB9453_SGB14844	0	0	0	0	0	0	0	0	0	0	0	0	0.30856	0	0	0	0	0	0	0.01877	0.01083	0.00652	0	0	0.00847
s__Faecalitalea_cylindroides	0.0102	0	0	0.07855	0.00349	0	0	0	0	0	0	0	0	0	0	0	0	0	0	0	0	0.03653	0	0	0
s__GGB3033_SGB4029	0.00183	0	0	0	0	0	0	0	0	0	0	0	0	0	0	0	0	0	0	0.02254	0	0.01331	0.07382	0	0
s__GGB9176_SGB14114	0	3.87314	0	0.38749	0	0	0	0	0	0	0	0	0.00633	0	0	0	0	0	0	0	0	0.48776	0	0	0
s__Eubacterium_SGB6276	0	1.55376	0	0	1.49986	0	0	0	0	0	0	0	0	0	0	0	0	0	0	2.57279	0	0.52208	0	0	0
s__GGB9343_SGB14307	0	1.32321	0	0	0	0	0	0	0	0	0	0	0.00951	0	0	0	0	0	0	0	0	0.00565	0	0	0.45273
s__Holdemanella_porci	0	0.96098	0	0	0	0	0	0	0	0	0	0	0	0	0	0	0.12635	0	0	0	0.14389	0	0	0	0.85949
s__Butyricimonas_SGB15260	0	0.59616	0.22415	0	0.19669	0	0	0	0	0	0	0	0	0	0	0	0	0	0	0	0.26974	0	0	0	0
s__GGB9342_SGB14306	0	0.5531	0	0	0	0	0	0.04476	0	0	0	0	3.19012	0	0	0	0	0	0	0	0	0.81021	0	0	0
s__GGB4599_SGB6362	0	0.46846	0	0	0.19705	0	0	0	0	0	0	0	0	0	0	0	0	0	0	0	2.52516	0	2.37774	0	0
s__GGB9345_SGB14311	0	0.39253	0	0.03101	0	0	0	0	0	0	0	0	0.07284	0	0	0	0	0	0	0	0	0.88343	0	0	0
s__Desulfovibrio_desulfuricans	0	0.27579	0.02666	0	0	0	0	0	0	0.20405	0	0	0.16248	0	0	0	0	0	0	0	0	0	0	0	0
s__Candidatus_Woodwardibium_gallinarum	0	0.20405	0	0.04703	0	0	0	0	0	0	0	0	0.03375	0	0	0	0	0	0	0	0	0	0	0	0.1435
s__Bifidobacterium_bifidum	0	0.05815	0	0.16994	0	0	0	0	0	0	0	0	0	0	0	0	0	0	0	0.1562	0	0.09465	0	0	0
s__GGB9770_SGB15389	0	0.0561	0	0	0	0	0	0	0	0	0	0	0.07035	0	0	0	0	0	0	0	0	0.00132	0	0	0.58417
s__GGB74463_SGB54347	0	0.05121	0	0	0	0	0	0	0	0	0	0	0.00047	0.00657	0	0	0	0	0	0.00296	0	0	0	0	0
s__Alistipes_dispar	0	0.03988	0	0	0	0	0	0	0	0	0	0	0	0	0.11833	0.44786	0	0	0	0	0	0.13138	0	0	0
s__GGB77437_SGB9391	0	0.0367	0	0	0	0	0	0.03754	0	0	0	0	0	0	0	0	0	0	0	0	0.02122	0.02215	0	0	0
s__GGB33928_SGB15225	0	0.0331	0	0.10422	0	0	0	0	0	0	0	0	0.04014	0	0	0	0	0	0	0	0	0	0.14588	0	0
s__Clostridia_bacterium	0	0.01176	0	0	0	0	0	0	0	0	0	0.31703	0	0	0	0	0	0	0.05938	0	0.00213	0	0	0	0
s__GGB42378_SGB59548	0	0.00855	0	0.01086	0	0	0	0	0	0	0	0	0.00689	0	0	0	0	0	0	0	0	0.00991	0	0	0
s__Bifidobacterium_pseudocatenulatum	0	0.00575	0	0	0	0	0	0	0	0	0	0	0	0	0.05352	0	0	0.03405	0	0	0.02242	0	0	0	0
s__Clostridiales_bacterium_NSJ_32	0	0.00566	0.05029	0	0	0	0	0	0	0	0	0	0	0	0	0	0	0	0.00919	0	0	0	0	0	0.00885
s__Clostridiales_Family_XIII_bacterium_BX16	0	0.00486	0	0	0	0	0	0	0	0	0	0	0.00138	0	0	0	0	0	0.00715	0.00402	0	0	0	0	0
s__GGB9522_SGB14921	0	0.002	0	0	0	0	0	0	0	0	0	0	0	0	0	0	0	0	0	0.00071	0	0.0041	0	0	0.14598
s__GGB58233_SGB79883	0	0.00036	0.00297	0	0	0	0.02141	0	0.00304	0	0	0	0	0	0	0	0	0	0	0	0	0	0	0	0
s__Blautia_hansenii	0	0	0.43669	0	0	0	0.16017	0	0	0	0	0	0	0	0	0.01213	0	0	0	0	0	0	0	0.01077	0
s__Gemmiger_SGB15299	0	0	0.04473	0	0.09215	0	0	0	0	0	0	0	0	0	0	0	0	0	0	0	0.15051	0.24015	0	0	0
s__GGB9474_SGB14868	0	0	0.01002	0	0	0	0	0	0.0379	0	0	0.00292	0	0	0	0	0	0	0	0	0.00181	0	0	0	0
s__Veillonella_atypica	0	0	0.0056	0	0	0	0	0	0	0	0.00322	0	0.00324	0	0	0	0	0	0	0	0	0	0	0.0855	0
s__Eisenbergiella_tayi	0	0	0.00279	0	0	0	0	0	0	0	0	0	0.03758	0	0	0	0	0	0.25126	0	0	0	0	0	0.0684
s__GGB3614_SGB4886	0	0	0	0.79589	0	0	0	0	0	0	0	0	0.40373	0	0	0.01132	0	0	0	0	0	0.05508	0	0	0
s__GGB9602_SGB15031	0	0	0	0.63163	0	0	0	0	0	0	0.3202	0	0.04872	0	0	0	0	0	0	0.0823	0	0	0	0	0
s__Gemmiger_SGB15295	0	0	0	0.28355	0	0	0	0	0	0	0	0	0	0.22461	0	0	0	0	0	0	0.37442	0.2543	0	0	0
s__Desulfovibrio_SGB5077	0	0	0	0.0914	0.01259	0.20567	0	0	0	0	0	0	0	0	0	0	0	0	0	0	0	0.13942	0	0	0
s__GGB9635_SGB15106	0	0	0	0.03076	0	0.03191	0	0	0	0	0	0	3.55732	0	0	0	0	0	0	0	0	0.43287	0	0	0
s__GGB3627_SGB4906	0	0	0	0.02413	0.02394	0	0	0	0	0	0	0	0	0	0	0	0	0	0	0	0	0.00079	0.08041	0	0
s__GGB2998_SGB3988	0	0	0	0.02245	0.07559	0	0	0	0	0	0	0	0.03369	0	0	0	0	0	0	0	0	0.04384	0	0	0
s__Butyricimonas_virosa	0	0	0	0.02167	0.29656	0.78803	0	0	0	0	0	0	0	0	0	0.36502	0	0	0	0	0	0	0	0	0
s__Candidatus_Schneewindia_gallinarum	0	0	0	0.01575	0	0	0	0	0.00302	0	0	0	0	0	0	0	0	0	0.00462	0	0	0	0	0	0.07663
s__Butyricimonas_paravirosa	0	0	0	0.00932	0	0	0	0	0	0	0	0	0	0.08208	0	0	0	0	0	0.34153	0	0.15869	0	0	0
s__GGB9724_SGB15278	0	0	0	0.00503	0	0	0	0	0	0	0	0	0.0225	0	0	0	0	0	0	0	0.47156	0.00012	0	0	0
s__Oscillibacter_valericigenes	0	0	0	0.00444	0	0	0	0	0	0	0	0	0	0.02948	0	0	0	0	0	0.03077	0	0.00419	0	0	0
s__GGB34900_SGB14891	0	0	0	0.00321	0	0	0	0	0	0	0	0	0.00173	0	0	0	0.01294	0	0.00451	0	0	0	0	0	0
s__Akkermansia_sp_KLE1798	0	0	0	0.0008	0	2.06322	0	0	0	0	3.87924	0	0.00215	0	0	0	0	0	0	0	0	0	0	0	0
s__Ruminococcus_SGB4421	0	0	0	0	0.10746	0	0	0	0.05503	0	0	0	0	0	0	0	0	0	0.95921	0.9131	0	0	0	0	0
s__Anaerococcus_SGB53821	0	0	0	0	0.039	0.03288	0	0	0.0318	0	0	0	0	0	0	0	0.0441	0	0	0	0	0	0	0	0
s__GGB9760_SGB15374	0	0	0	0	0.03001	0	0	0	0	0	0	0	0	0.06031	0	0	0.42916	0	0	0.1139	0	0	0	0	0
s__GGB4566_SGB6305	0	0	0	0	0.01193	0	0	0.23	0	0	0	0	0	0	0	0	0	0	0	0	0.93235	0.27404	0	0	0
s__Holdemania_sp_1001095H_141210_F2	0	0	0	0	0.00874	0	0.17922	0	0	0	0	0	0	0.02069	0	0	0	0.05855	0	0	0	0	0	0	0
s__Clostridium_SGB4648	0	0	0	0	0	0.05045	0	0	0	0	0	0	0.22734	0	0	0	0	0	0	0	0	0.90664	0.03196	0	0
s__Roseburia_sp_BX1005	0	0	0	0	0	0.04055	0	0	0	0	0	0	0	0	0	0	0	0	0.10928	0	0	0.00604	0.01348	0	0
s__GGB9739_SGB15313	0	0	0	0	0	0.00507	0	0	0	0	0	3.1751	0	0	0.28372	0	1.01031	0	0	0	0	0	0	0	0
s__GGB3602_SGB4574	0	0	0	0	0	0	0.1577	0	0	0	0.00451	0.05925	0	0	0	0	0	0.26576	0	0	0	0	0	0	0
s__Clostridium_butyricum	0	0	0	0	0	0	0.00993	0	0	0.00954	0	0	0	0	0.00368	0	0.00809	0	0	0	0	0	0	0	0
s__Parabacteroides_johnsonii	0	0	0	0	0	0	0	1.46928	0	0	1.64954	3.74323	0	0	0	0	0	0	0	0	0	2.45182	0	0	0
s__Dorea_phocaeensis	0	0	0	0	0	0	0	0.32174	0	0	0	0	0	0	0	0.02104	0.02162	0	0	0	0.07373	0	0	0	0
s__Gordonibacter_pamelaeae	0	0	0	0	0	0	0	0.01337	0	0	0	0	0	0	0	0	0.02235	0	0.00424	0	0	0	0	0	0.02895
s__GGB3005_SGB3996	0	0	0	0	0	0	0	0.00932	0	0	0	0.00771	0	0	0	0	0	0	0.04713	0	0	0	0	0	0.09013
s__GGB9469_SGB14862	0	0	0	0	0	0	0	0	0	0	0	0.0453	0	0.04682	0	0	0	0	0	0	0.00999	0	0	0	0.05321
s__GGB3534_SGB4722	0	0	0	0	0	0	0	0	0	0	0	0	0	0	0.00871	0.00372	0	0	0	0	0	0	0	0.01005	0.0171
s__Bacteroides_eggerthii	1.35982	0	0.00133	0.06359	0	0	0	0	0	0	0	0	0	0	0	0	0	0	0	0	0	0	0	0	0
s__Bacteroides_salyersiae	1.10424	0	0	0	0	2.51171	0	0	0	0	0	0	0.11781	0	0	0	0	0	0	0	0	0	0	0	0
s__Oscillospiraceae_bacterium	0.25088	0	0	0.11294	0	0	0	0	0	0	0	0	0	0	0	0	0	0	0	0	0	0	0	0	0.66126
s__GGB13493_SGB15238	0	2.3522	0	0	0	0	0	0	0	0	0	0	0.03214	0	0	0	0	0	0	0	0	0.02557	0	0	0
s__Ruminococcus_sp_BSD2780120874_150323_B10	0	1.63154	0	0	0.00318	0	0	0	0	0	0	0	0.95926	0	0	0	0	0	0	0	0	0	0	0	0
s__GGB9634_SGB15093	0	1.10919	0	0	0	0.47575	0	0	0	0	0	0	0.03018	0	0	0	0	0	0	0	0	0	0	0	0
s__GGB9758_SGB15368	0	0.46382	0	0	0	0	0	0	0	0	0	0	0	0	0	0	0	0	0	0	0	1.13387	0.4783	0	0
s__GGB9712_SGB15244	0	0.43999	0	0.22113	0	0	0	0	0	0	0	0	0.31196	0	0	0	0	0	0	0	0	0	0	0	0
s__GGB9091_SGB14020	0	0.30439	0	0	0	0	0	0	0	0	0	0	0.23344	0	0	0	0	0	0	0	0	0.07882	0	0	0
s__Ruminococcaceae_bacterium_D5	0	0.11951	0	0	0	0	0	0	0.01619	0	0	0	0.00505	0	0	0	0	0	0	0	0	0	0	0	0
s__GGB36267_SGB14177	0	0.11902	0	0.00878	0	0	0	0.03176	0	0	0	0	0	0	0	0	0	0	0	0	0	0	0	0	0
s__Eubacterium_SGB4671	0	0.07537	0	0	0	0	0	0.15813	0	0	0	0	0	0	0.08955	0	0	0	0	0	0	0	0	0	0
s__GGB9782_SGB15403	0	0.04248	0	0	0	0	0	0	0	0	0	0	0	0	0	0	0	0	0	0	0	0.02523	0	0	0.24137
s__Blautia_SGB4815	0	0.04131	0	0	0	0	0	0	0	0	0	0	0.00195	0	0	0	0	0	0	0	0	0	0.06489	0	0
s__Clostridium_SGB6179	0	0.03116	0	0	0	0	0	0	0	0	0	0	0.03521	0	0	0	0	0	0	0	0	0.00082	0	0	0
s__GGB33544_SGB53490	0	0.02516	0	0	0	0.04846	0	0	0	0	0	0	0.05695	0	0	0	0	0	0	0	0	0	0	0	0
s__GGB9529_SGB53518	0	0.02185	0	0	0	0	0	0	0	0	0	0	0	0	0	0	0	0	0	0	0	0.00294	0	0	0.00575
s__GGB9694_SGB15204	0	0.02141	0	0	0	0	0	0	0	0	0	0	0.00946	0	0	0	0	0	0	0	0	0	0	0	0.14446
s__Alistipes_timonensis	0	0.01766	0	0	0	0.00446	0	0	0	0	0	0	0	0	0	0	0	0	0	0	0	0.01044	0	0	0
s__GGB9818_SGB15459	0	0.00937	0	0	0	0	0	0	0.02559	0	0	0	0	0	0	0	0	0	0	0	0	0.0555	0	0	0
s__Lachnospiraceae_bacterium_NSJ_29	0	0.00836	0	0	0	0	0	0	0	0	0	0	0	0	0	0	0	0	0.00666	0.00092	0	0	0	0	0
s__Blautia_glucerasea	0	0.00283	0	0	0	0	0	0	0	0	0	0	0	0	0	0	0	0	0	0.06222	0	0	0.02705	0	0
s__GGB16040_SGB9347	0	0	0.05492	0	0	0	0	0	0	0	0	0	0	0	33.70204	0	1.5607	0	0	0	0	0	0	0	0
s__Butyricicoccus_sp_AM29_23AC	0	0	0.05326	0	0	0	0	0	0	0	0	0	0	0	0	0	0	0	0	0	0.17818	0.05532	0	0	0
s__Veillonellaceae_bacterium	0	0	0.03718	0	0	0	0.00041	0	0	0.04255	0	0	0	0	0	0	0	0	0	0	0	0	0	0	0
s__Neobittarella_massiliensis	0	0	0.0048	0	0	0	0.00544	0	0	0	0	0	0	0	0	0	0.00325	0	0	0	0	0	0	0	0
s__Proteus_mirabilis	0	0	0.00081	0	0	0	0.26045	0	0	0.01319	0	0	0	0	0	0	0	0	0	0	0	0	0	0	0
s__GGB51647_SGB4348	0	0	0	4.78392	0	0	0	0	0	0	0	0	0	0	0	5.85238	0	0	0	3.98016	0	0	0	0	0
s__GGB9747_SGB15356	0	0	0	0.7536	0	0	0	0	0	0	0	0	1.56152	0	0	0	0	0	0	0	0	0.43221	0	0	0
s__Clostridiaceae_unclassified_SGB15090	0	0	0	0.10472	0	0	0	0	0	0	0	0	0.72432	0	0	0	0	0	0	0.14352	0	0	0	0	0
s__GGB9525_SGB14925	0	0	0	0.06704	0	0	0	0	0	0	0	0	0.00252	0	0	0	0	0	0	0	0	0.01569	0	0	0
s__Candidatus_Catenibacterium_tridentinum	0	0	0	0.06195	0	0	0	0	0	0	0	0	0	0	0	0	0	0	0	0	0.31835	0	0	0	0.30323
s__GGB33469_SGB15237	0	0	0	0.03612	0	0	0	0	0	0	0	0	0.0644	0	0	0	0	0	0	0	0	0.04369	0	0	0
s__GGB79890_SGB14770	0	0	0	0.03135	0	0	0	0	0	0	0	0	0	0	0	0	0	0	0	0.02239	0	0.06318	0	0	0
s__GGB9621_SGB15073	0	0	0	0.02061	0	0.00733	0	0	0	0	0	0	0	0	0	0	0	0	0	0	0	0	0.01844	0	0
s__Streptococcus_vestibularis	0	0	0	0.01834	0	0	0	0	0	0	0.00415	0	0	0	0	0	0	0	0	0	0	0	0	0.00555	0
s__GGB9619_SGB15066	0	0	0	0.01344	0	0	0	0	0.03354	0	0	0	0	0	0	0	0	0	0	0	0	0.0943	0	0	0
s__GGB9602_SGB15028	0	0	0	0.00837	0	0	0	0	0	0	0	0	0.05348	0	0	0	0	0	0	0	0	0.29605	0	0	0
s__Victivallis_vadensis	0	0	0	0.00808	0	0	0	0	0	0	0	0	0	0	0	0	0	0	0.0826	0.00156	0	0	0	0	0
s__Allisonella_histaminiformans	0	0	0	0.00782	0	0	0	0	0	0	0	0	0	0.00783	0	0	0	0	0	0	0	0.00192	0	0	0
s__GGB9697_SGB15213	0	0	0	0.00467	0	0	0	0	0	0	0	0	0	0	0	0	0	0	0	0.13581	0	0.00044	0	0	0
s__Methanobrevibacter_smithii	0	0	0	0.0032	0	0	0	0	0	0	0	0	0.0834	0	0	0	0	0	0	0	0	0.05077	0	0	0
s__Candidatus_Allochristensenella_caecavium	0	0	0	0.00193	0	0	0	0	0	0	0	0	0	0	0	0.00122	0	0	0	0	0	0	0	0	0.0155
s__GGB3256_SGB4303	0	0	0	0	0.26755	0	0	0.73826	0	0	0	0	0.7266	0	0	0	0	0	0	0	0	0	0	0	0
s__GGB9616_SGB15051	0	0	0	0	0.08839	0	0	0	0	0	0	0	0	0	0	0	0	0	0	0	0	0.06779	0.00262	0	0
s__Parasutterella_SGB9260	0	0	0	0	0.00433	0	0	0	0	0	0	1.36098	0	0	0	1.99607	0	0	0	0	0	0	0	0	0
s__Bacteroides_intestinalis	0	0	0	0	0	6.95375	0	0	0.99755	0	0	0	0	0	0	0	0	0	0	0	0.73538	0	0	0	0
s__GGB3167_SGB4181	0	0	0	0	0	0.96746	0	0	0	0	0	0	0.20322	0.03212	0	0	0	0	0	0	0	0	0	0	0
s__Clostridiaceae_bacterium_Marseille_Q4149	0	0	0	0	0	0.20598	0	0	0	0	0	0	0	0	0	0	0	0	1.05527	0	0	0.38127	0	0	0
s__GGB3722_SGB5050	0	0	0	0	0	0.169	0	0	0	0	0	0	0	0	0	0	0	0	0	0.08175	0	0	0.10368	0	0
s__GGB9290_SGB14247	0	0	0	0	0	0.1095	0	0	0.14199	0	0	0	0	0	0	0	0	0	0	0	0	0.00943	0	0	0
s__GGB9062_SGB13981	0	0	0	0	0	0.08709	0	0	0.05678	0	0	0	0	0.03939	0	0	0	0	0	0	0	0	0	0	0
s__GGB3497_SGB4672	0	0	0	0	0	0.04674	0	0	0	0	0	0	0.00899	0	0	0	0	0	0	0	0	0.00707	0	0	0
s__Turicibacter_sanguinis	0	0	0	0	0	0.02583	0	0	0	0	0	0	0	0.01054	0	0	0	0	0	0.00986	0	0	0	0	0
s__GGB74510_SGB47635	0	0	0	0	0	0.01252	0	0	0.01519	0	0	0	0.00201	0	0	0	0	0	0	0	0	0	0	0	0
s__Oscillospiraceae_bacterium_Marseille_Q3528	0	0	0	0	0	0.01013	0	0	0	0	0	0	0.06513	0	0	0	0	0	0	0	0	0.01532	0	0	0
s__Candidatus_Metalachnospira_SGB63370	0	0	0	0	0	0.00652	0	0	0	0	0	0	0	0	0	0	0	0	0.00516	0	0	0	0	0	0.00447
s__Veillonella_rogosae	0	0	0	0	0	0.00238	0	0	0	0.00516	0	0	0	0	0	0	0	0	0	0.01978	0	0	0	0	0
s__Oscillibacter_sp_NSJ_62	0	0	0	0	0	0.00235	0	0	0	0	0	0	6.00E-05	0	0	0	0	0	0	0.00065	0	0	0	0	0
s__Candidatus_Alloruminococcus_vanvlietii	0	0	0	0	0	0.00158	0	0	0	0	0	0	0	0.0044	0	0	0.00074	0	0	0	0	0	0	0	0
s__Lachnospiraceae_bacterium_Marseille_Q4251	0	0	0	0	0	0.00152	0	0	0	0	0	0	0	0	0	0	0	0	0	0.02307	0	0.00707	0	0	0
s__Clostridioides_difficile	0	0	0	0	0	0	0.09665	0	0	0.02678	0	0	0	0	0	0	0.0528	0	0	0	0	0	0	0	0
s__GGB9582_SGB4865	0	0	0	0	0	0	0.02157	0	0	0	0	0	0	0	0	0	0	0	0.03337	0	0	0	0	0	0.00275
s__GGB31234_SGB14869	0	0	0	0	0	0	0	0.02316	0	0	0	0	0.03546	0	0	0	0	0	0	0	0	0	0	0	0.03652
s__Emergencia_timonensis	0	0	0	0	0	0	0	0.02051	0.02161	0	0	0	0	0	0	0	0	0	0.0885	0	0	0	0	0	0
s__GGB3175_SGB4191	0	0	0	0	0	0	0	0.01192	0	0	0	0	0	0	0	0	0	0	0.25813	0	0	0.83591	0	0	0
s__GGB9627_SGB15081	0	0	0	0	0	0	0	0	0.631	0	0	0	0.01915	0	0	0	0	0	0	0	0.06926	0	0	0	0
s__GGB9186_SGB14125	0	0	0	0	0	0	0	0	0.03605	0	0	0	0	0	0	0	0	0	0	0	0.11764	0.01696	0	0	0
s__Oxalobacter_formigenes	0	0	0	0	0	0	0	0	0.03363	0	0	0	0.03605	0	0	0	0	0	0.04248	0	0	0	0	0	0
s__Clostridiales_bacterium_Marseille_P2846	0	0	0	0	0	0	0	0	0.01654	0	0	0	0.00121	0	0	0	0	0	0.00866	0	0	0	0	0	0
s__GGB9453_SGB14845	0	0	0	0	0	0	0	0	0.01421	0	0	0	0.00928	0	0	0	0	0	0	0	0	0.00763	0	0	0
s__Blautia_hydrogenotrophica	0	0	0	0	0	0	0	0	0	0	0.00239	0	0	0	0	0	0	0.02034	0	0	0	0	0	0	0.02462
s__GGB9364_SGB14339	0	0	0	0	0	0	0	0	0	0	0	0	0.2974	0	0	0	0	0	0.0173	0	0.01317	0	0	0	0
s__GGB9296_SGB14253	0	0	0	0	0	0	0	0	0	0	0	0	0.17116	0	0	0	0	0	0	0.23543	0	0.01061	0	0	0
s__Blautia_sp_MSK_20_85	0	0	0	0	0	0	0	0	0	0	0	0	0.13094	0	0	0	0	0	0	0	0.36935	0	0	0.49341	0
s__GGB9495_SGB14892	0	0	0	0	0	0	0	0	0	0	0	0	0.05194	0	0	0	0	0	0	0.04956	0	0.01826	0	0	0
s__Bacteroides_nordii	0	0	0	0	0	0	0	0	0	0	0	0	0.01796	0	0	0	1.85239	0	0	0.21626	0	0	0	0	0
s__GGB2982_SGB3964	0	0	0	0	0	0	0	0	0	0	0	0	0.01448	0	0	0	0	0	0.0125	0.01952	0	0	0	0	0
s__GGB9545_SGB14951	0	0	0	0	0	0	0	0	0	0	0	0	0.0063	0	0	0	0	0	0	0.07368	0	0.00279	0	0	0
s__Oscillospiraceae_bacterium_BX1	0	0	0	0	0	0	0	0	0	0	0	0	0.00353	0	0	0	0	0	0.06968	0	0.02209	0	0	0	0
s__GGB9237_SGB14179	0	0	0	0	0	0	0	0	0	0	0	0	0.00321	0	0	0	0	0	0.00192	0	0	0.0001	0	0	0
s__TM7_phylum_sp_oral_taxon_352	0	0	0	0	0	0	0	0	0	0	0	0	0	0.00999	0.00899	0	0	0	0	0	0	0	0	0	0.00869
s__Clostridiaceae_bacterium_Marseille_Q4145	0	0	0	0	0	0	0	0	0	0	0	0	0	0.00997	0	0	0	0	0	0	0	0.00237	0.02379	0	0
s__Intestinimonas_timonensis	0	0	0	0	0	0	0	0	0	0	0	0	0	0.00448	0.02339	0	0	0	0	0.07892	0	0	0	0	0
s__GGB3281_SGB4335	0	0	0	0	0	0	0	0	0	0	0	0	0	0	1.01129	0	0	0	0	2.24644	0	2.60743	0	0	0
s__Alistipes_ihumii	0	0	0	0	0	0	0	0	0	0	0	0	0	0	0.12649	0	0	0	0	0	0	0.09529	0	0.12502	0
s__Clostridium_sp_AF12_28	0	0	0	0	0	0	0	0	0	0	0	0	0	0	0.06763	0	0	0	0	0	0	0.05027	0.18329	0	0
s__Anaerotignum_lactatifermentans	0	0	0	0	0	0	0	0	0	0	0	0	0	0	0.00192	0.00795	0	0	0	0	0	0	0	0	0.24276
s__GGB80011_SGB15267	0	0	0	0	0	0	0	0	0	0	0	0	0	0	0	0.05793	0	0	0	0	0	0.47384	0.03217	0	0
s__Faecalibacillus_faecis	0	0	0	0	0	0	0	0	0	0	0	0	0	0	0	0	0	0	0.31043	0	0.09671	0	0.15246	0	0
s__GGB3537_SGB4727	0	0	0	0	0	0	0	0	0	0	0	0	0	0	0	0	0	0	0.03035	0.01576	0	0	0	0	2.32068
s__GGB3109_SGB4643	0	0	0	0	0	0	0	0	0	0	0	0	0	0	0	0	0	0	0	0.06401	0	0.11832	0.1789	0	0
s__Butyricimonas_SGB15266	0.00959	0	0	0	0	1.90616	0	0	0	0	0	0	0	0	0	0	0	0	0	0	0	0	0	0	0
s__Eubacterium_sp_AF16_48	0.03853	0	0	0	0	0	0	0	0	0	0	0	0	0	0	0	0	0	0.02558	0	0	0	0	0	0
s__GGB4567_SGB6307	0	10.94104	0	0	0	0	0	0	0	0	0	0	0	0	0	0	0	0	0	0	0	0.80045	0	0	0
s__GGB9059_SGB13976	0	9.05221	0	0	0	0	0	0	0	0	0	0	0	0	0	0	0	0	0	0	0	0.03472	0	0	0
s__GGB4745_SGB6570	0	3.55855	0	0	0	0	0	0	0	0	0	0	0.00087	0	0	0	0	0	0	0	0	0	0	0	0
s__GGB3304_SGB4367	0	1.13801	0	0	0	0	0	0	0	0	0	0	0	0	0	0	0	0	0	0	0	1.3796	0	0	0
s__GGB9759_SGB15370	0	0.82343	0	0	0.03212	0	0	0	0	0	0	0	0	0	0	0	0	0	0	0	0	0	0	0	0
s__Limosilactobacillus_fermentum	0	0.2335	0	0	0	0	0	0	0	0	0.12718	0	0	0	0	0	0	0	0	0	0	0	0	0	0
s__GGB3343_SGB4423	0	0.15593	0	0	0.01402	0	0	0	0	0	0	0	0	0	0	0	0	0	0	0	0	0	0	0	0
s__Negativibacillus_massiliensis	0	0.13513	0	0	0	0	0	0	0	0	0	0	0.00588	0	0	0	0	0	0	0	0	0	0	0	0
s__Candidatus_Gallimonas_faecium	0	0.06309	0	0	0	0	0	0	0	0	0	0	0	0	0	0	0	0	0	0	0	0.00043	0	0	0
s__GGB27106_SGB6188	0	0.0517	0	0	0	0	0	0	0	0	0	0	0	0	0	0	0	0	0.20359	0	0	0	0	0	0
s__Slackia_isoflavoniconvertens	0	0.05011	0	0	0	0	0	0	0	0	0	0	0	0.0867	0	0	0	0	0	0	0	0	0	0	0
s__Coprococcus_SGB4669	0	0.04006	0	0	0	0	0	0	0	0	0	0	0	0	0	0	0	0	0	0	0	0	0.00763	0	0
s__GGB9545_SGB14952	0	0.03883	0	0	0	0	0	0	0	0	0	0	0	0	0	0	0	0	0.00646	0	0	0	0	0	0
s__Clostridiaceae_bacterium_H8	0	0.03079	0	0	0	0	0	0	0	0	0	0	0.03258	0	0	0	0	0	0	0	0	0	0	0	0
s__Candidatus_Geddesella_stercoravicola	0	0.02454	0	0	0	0	0	0	0	0	0	0	0	0	0	0	0	0	0	0.00712	0	0	0	0	0
s__GGB9293_SGB14250	0	0.01245	0	0	0	0	0	0	0	0	0	0	0	0	0	0	0	0	0	0	0	0.00938	0	0	0
s__Dorea_sp_AF24_7LB	0	0.00885	0	0	0	0	0	0	0	0	0	0	0	0	0	0	0	0	0	0	0	0.01324	0	0	0
s__Weissella_confusa	0	0.00756	0	0.15598	0	0	0	0	0	0	0	0	0	0	0	0	0	0	0	0	0	0	0	0	0
s__GGB9765_SGB15382	0	0.00571	0	0	0	0	0	0	0	0	0	0	0	0	0	0	0	0	0	0.00819	0	0	0	0	0
s__Candidatus_Avispirillum_faecium	0	0.00568	0	0	0	0	0	0	0	0	0	0	0.02916	0	0	0	0	0	0	0	0	0	0	0	0
s__GGB3204_SGB13957	0	0.00568	0	0	0	0	0	0	0	0	0	0	0.07008	0	0	0	0	0	0	0	0	0	0	0	0
s__Dialister_hominis	0	0.00524	0	0	0	0	0.89624	0	0	0	0	0	0	0	0	0	0	0	0	0	0	0	0	0	0
s__GGB9787_SGB15410	0	0.00485	0	0	0	0	0	0	0	0	0	0	0.00093	0	0	0	0	0	0	0	0	0	0	0	0
s__Lactococcus_lactis	0	0.00476	0	0	0	0	0	0	0	0	0	0	0	0	0	0	0	0	0.00678	0	0	0	0	0	0
s__Candidatus_Allobutyricicoccus_pentlandensis	0	0.00457	0	0	0	0	0	0	0	0	0	0	0	0	0	0	0	0	0	0	0	0	0	0	0.00388
s__GGB9299_SGB14260	0	0.0032	0	0	0	0	0	0	0	0	0	0	0	0	0	0	0	0	0	0	0	0.0092	0	0	0
s__Candidatus_Parachristensenella_avicola	0	0.00035	0	0	0	0	0	0.00796	0	0	0	0	0	0	0	0	0	0	0	0	0	0	0	0	0
s__Catenibacillus_scindens	0	0.00023	0	0	0	0	0	0	0	0	0	0	0	0	0	0	0	0	0	0.00146	0	0	0	0	0
s__Mesosutterella_multiformis	0	0	3.27385	0.02431	0	0	0	0	0	0	0	0	0	0	0	0	0	0	0	0	0	0	0	0	0
s__GGB3277_SGB4327	0	0	0.36716	0	0	0	0	0	0	0	0	0	0	0	0	0	0	6.70198	0	0	0	0	0	0	0
s__Prevotella_disiens	0	0	0.01253	0	0	0	0	0.00149	0	0	0	0	0	0	0	0	0	0	0	0	0	0	0	0	0
s__GGB51959_SGB72479	0	0	0.00816	0	0	0	0	0	0	0	0	0	0.00725	0	0	0	0	0	0	0	0	0	0	0	0
s__Clostridium_transplantifaecale	0	0	0.00302	0	0	0	0	0.00019	0	0	0	0	0	0	0	0	0	0	0	0	0	0	0	0	0
s__Hydrogeniiclostidium_mannosilyticum	0	0	0.00231	0	0	0	0	0	0	0	0	0	0.00889	0	0	0	0	0	0	0	0	0	0	0	0
s__Anaerofustis_stercorihominis	0	0	0.00138	0	0	0	0	0	0	0	0	0	0	0	0.00817	0	0	0	0	0	0	0	0	0	0
s__GGB1266_SGB1699	0	0	0	3.24577	0	0	0	0	0	0	0	0	0	0	0	4.74032	0	0	0	0	0	0	0	0	0
s__GGB9581_SGB4365	0	0	0	1.72869	0	0	0	0	0	0	0	0	1.84811	0	0	0	0	0	0	0	0	0	0	0	0
s__Phocaeicola_plebeius	0	0	0	1.06943	0	0	0	0	0	0	0	0	0	14.50522	0	0	0	0	0	0	0	0	0	0	0
s__Megasphaera_sp_MJR8396C	0	0	0	0.4602	0	0	0	0	0	0	0	0	0	0.02664	0	0	0	0	0	0	0	0	0	0	0
s__Collinsella_SGB15196	0	0	0	0.30796	0	0	0	0	0	0	0	0	0	0	0	0	0	0	0	0	0	0.00437	0	0	0
s__GGB2998_SGB3989	0	0	0	0.09482	0	0	0	0	0	0	0	0	0.00057	0	0	0	0	0	0	0	0	0	0	0	0
s__Alistipes_senegalensis	0	0	0	0.05778	0	0	0	0	0	0	0	0.02925	0	0	0	0	0	0	0	0	0	0	0	0	0
s__GGB9623_SGB15075	0	0	0	0.05478	0	0	0	0	0	0	0	0	0	0	0	0	0	0	0	0	0	0.06281	0	0	0
s__GGB9253_SGB14199	0	0	0	0.04405	0	0	0	0	0	0	0	0	0	0	0	0	0	0	0	0	0	0.01765	0	0	0
s__GGB3321_SGB4394	0	0	0	0.02804	0	0	0	0	0	0	0	0	0.06859	0	0	0	0	0	0	0	0	0	0	0	0
s__GGB9770_SGB15390	0	0	0	0.02512	0	0	0	0	0	0	0	0	0	0	0	0	0	0	0	0	0	0.00361	0	0	0
s__Oscillospiraceae_unclassified_SGB15256	0	0	0	0.02398	0.23988	0	0	0	0	0	0	0	0	0	0	0	0	0	0	0	0	0	0	0	0
s__Cloacibacillus_porcorum	0	0	0	0.01156	0	0	0	0	0	0	0	0	0.04878	0	0	0	0	0	0	0	0	0	0	0	0
s__Traorella_massiliensis	0	0	0	0.00705	0	0	0	0	0	0	0	0	0.00995	0	0	0	0	0	0	0	0	0	0	0	0
s__GGB9708_SGB15233	0	0	0	0.00519	0	0	0	0	0	0	0	0	0	0	0	0	0	0	0	0	0	0.67735	0	0	0
s__Bacteroides_sp_AF39_11AC	0	0	0	0.00182	0	0.00082	0	0	0	0	0	0	0	0	0	0	0	0	0	0	0	0	0	0	0
s__Phocaeicola_coprocola	0	0	0	0	3.86342	0	0	0	0	0	0	0	0	7.73306	0	0	0	0	0	0	0	0	0	0	0
s__GGB4571_SGB6317	0	0	0	0	0.06194	0	0	0	0	0	0	0	1.84369	0	0	0	0	0	0	0	0	0	0	0	0
s__Prevotella_marseillensis	0	0	0	0	0.05315	0	0	0	0	0	0	0	0	24.22547	0	0	0	0	0	0	0	0	0	0	0
s__Phocaeicola_coprophilus	0	0	0	0	0.04136	0	0	0	0	0	0	0	0	0	0	0	0.21151	0	0	0	0	0	0	0	0
s__GGB9642_SGB15119	0	0	0	0	0.02865	0	0	0	0	0	0	0	0	0	0	0	0	0	0	0	0	0.02088	0	0	0
s__GGB3118_SGB4130	0	0	0	0	0.02551	0	0	0	0	0	0	0	0	0	0	0	0	0	0	0	0	0.01388	0	0	0
s__Eubacterium_SGB4961	0	0	0	0	0.00315	0	0	0	0	0	0	0	0	0	0	0	0	0	0	0	0.04532	0	0	0	0
s__Mogibacterium_kristiansenii	0	0	0	0	0	0.12192	0	0	0	0	0	0	0	0	0	0	0	0	0	0.06607	0	0	0	0	0
s__Roseburia_SGB4958	0	0	0	0	0	0.03436	0	0	0	0	0	0	0	0	0	0	0	0	0	0	0	0	0	0.05957	0
s__Alistipes_SGB2300	0	0	0	0	0	0.02123	0	0	0	0	0	0	0	0	0	0	1.67063	0	0	0	0	0	0	0	0
s__Amedibacillus_dolichus	0	0	0	0	0	0.00488	0	0	0	0	0	0	0	0	0.0099	0	0	0	0	0	0	0	0	0	0
s__Eubacteriales_unclassified_SGB71281	0	0	0	0	0	0.0006	0	0.09462	0	0	0	0	0	0	0	0	0	0	0	0	0	0	0	0	0
s__Blautia_SGB4793	0	0	0	0	0	0	2.4801	0	0	0	0	0	0	0	0.04573	0	0	0	0	0	0	0	0	0	0
s__GGB51420_SGB4586	0	0	0	0	0	0	0.44947	0	0	0	0	0	0	0	0	0	0	0.00902	0	0	0	0	0	0	0
s__GGB3579_SGB47659	0	0	0	0	0	0	0.0765	0	0	0.01024	0	0	0	0	0	0	0	0	0	0	0	0	0	0	0
s__Candidatus_Woodwardibium_SGB14954	0	0	0	0	0	0	0	0.2098	0	0	0	0	0	0	0	0	0	0	0.27395	0	0	0	0	0	0
s__Clostridium_sp_1001271st1_H5	0	0	0	0	0	0	0	0.07252	0	0	0	0.00148	0	0	0	0	0	0	0	0	0	0	0	0	0
s__GGB9695_SGB15209	0	0	0	0	0	0	0	0.04189	0	0	0	0	0	0	0	0	0	0	0	0.00057	0	0	0	0	0
s__GGB9185_SGB14124	0	0	0	0	0	0	0	0.03696	0	0	0	0	0.03426	0	0	0	0	0	0	0	0	0	0	0	0
s__GGB3818_SGB5183	0	0	0	0	0	0	0	0.03578	0	0	0	0	0	0	0	0	0	0	0	0	0	0	0	0	0.04281
s__Candidatus_Metaruminococcus_gallistercoris	0	0	0	0	0	0	0	0.02238	0	0	0	0	0	0	0	0	0	0	0	0.00552	0	0	0	0	0
s__GGB9523_SGB14922	0	0	0	0	0	0	0	0.01009	0	0	0	0	0	0.01117	0	0	0	0	0	0	0	0	0	0	0
s__Candidatus_Timburyella_SGB14166	0	0	0	0	0	0	0	0.00992	0	0	0	0	0	0	0	0	0	0	0	0	0	0	0	0	0.07904
s__Collinsella_SGB47518	0	0	0	0	0	0	0	0.00715	0	0	0	0	0	0	0	0.00459	0	0	0	0	0	0	0	0	0
s__Clostridium_methylpentosum	0	0	0	0	0	0	0	0.00239	0	0	0	0	0	0	0	0	0	0	0	0	0	0	0	0	0.01474
s__Odoribacter_laneus	0	0	0	0	0	0	0	0	1.84719	0	0	0	0	0	0	0	0	0	0	0	0	0.04449	0	0	0
s__Frisingicoccus_caecimuris	0	0	0	0	0	0	0	0	0.14064	0	0	0	0	0	0	0	0	0.0174	0	0	0	0	0	0	0
s__Eubacterium_sp_AF34_35BH	0	0	0	0	0	0	0	0	0.03289	0	0	0	0	0	0	0	0	0	0	0	0	0.00495	0	0	0
s__Pseudoflavonifractor_sp_AF19_9AC	0	0	0	0	0	0	0	0	0.0242	0	0	0	0.00085	0	0	0	0	0	0	0	0	0	0	0	0
s__GGB9110_SGB14043	0	0	0	0	0	0	0	0	0	0.01378	0	0	0.02425	0	0	0	0	0	0	0	0	0	0	0	0
s__Klebsiella_variicola	0	0	0	0	0	0	0	0	0	0.01202	0.12892	0	0	0	0	0	0	0	0	0	0	0	0	0	0
s__GGB6020_SGB14985	0	0	0	0	0	0	0	0	0	0.00904	0	0	0	0	0.1019	0	0	0	0	0	0	0	0	0	0
s__Candidatus_Nanosynsacchari_sp_TM7_ANC_38_39_G1_1	0	0	0	0	0	0	0	0	0	0.00339	0	0	0	0	0	0	0	0	0	0	0	0	0	0	0.00146
s__Clostridium_hylemonae	0	0	0	0	0	0	0	0	0	0.00139	0	0	0	0	0	0.00171	0	0	0	0	0	0	0	0	0
s__Streptococcus_australis	0	0	0	0	0	0	0	0	0	0.00127	0	0	0	0	0	0	0	0	0	0.00334	0	0	0	0	0
s__Fusobacterium_nucleatum	0	0	0	0	0	0	0	0	0	0.00081	0	0	0.03102	0	0	0	0	0	0	0	0	0	0	0	0
s__Roseburia_sp_AM59_24XD	0	0	0	0	0	0	0	0	0	0	0.47398	0	0	0	0	0	0	0	0	0	0	0.17719	0	0	0
s__Coprococcus_eutactus	0	0	0	0	0	0	0	0	0	0	0.17241	0	0	0	0	0	0	0	0	0	0	3.1744	0	0	0
s__Ruminococcus_callidus	0	0	0	0	0	0	0	0	0	0	0.13976	0	0	0	0	0	0	0	0	0	0	0.03765	0	0	0
s__GGB3499_SGB4674	0	0	0	0	0	0	0	0	0	0	0.00861	0	0	0	0	0	0	0	0.13343	0	0	0	0	0	0
s__Blautia_luti	0	0	0	0	0	0	0	0	0	0	0.00594	0	0	0	0	0	0	0	0	0	0	0.01495	0	0	0
s__Candidatus_Pseudoscilispira_faecavium	0	0	0	0	0	0	0	0	0	0	0.00297	0	0	0	0	0	0	0	0	0.01398	0	0	0	0	0
s__GGB3817_SGB5182	0	0	0	0	0	0	0	0	0	0	0	0.02318	0	0	0	0	0	0	0	0.00035	0	0	0	0	0
s__GGB25158_SGB42321	0	0	0	0	0	0	0	0	0	0	0	0.01161	0	0	0	0	0	0	0	0	0	0	0	0	0.03541
s__Eubacteriaceae_bacterium_CHKCI004	0	0	0	0	0	0	0	0	0	0	0	0.00724	0	0	0	0	0	0	0	0	0.01875	0	0	0	0
s__Butyrivibrio_crossotus	0	0	0	0	0	0	0	0	0	0	0	0	1.94431	0	0	0	0	0	0	0	0	19.60696	0	0	0
s__GGB9278_SGB14230	0	0	0	0	0	0	0	0	0	0	0	0	0.78085	0	0	0	0	0	0	0	0	0.2647	0	0	0
s__GGB4768_SGB6601	0	0	0	0	0	0	0	0	0	0	0	0	0.15647	0	0	0	0	0	0	0	0.8174	0	0	0	0
s__Enterocloster_SGB14313	0	0	0	0	0	0	0	0	0	0	0	0	0.13081	0	0	0	0	0	0	0	0	0.18824	0	0	0
s__Streptococcus_SGB15012	0	0	0	0	0	0	0	0	0	0	0	0	0.0676	0	0	0	0	0	0	0	0	0.00096	0	0	0
s__GGB28319_SGB40892	0	0	0	0	0	0	0	0	0	0	0	0	0.03325	0	0	0	0	0	0	0	0	0	0.13452	0	0
s__GGB9240_SGB14182	0	0	0	0	0	0	0	0	0	0	0	0	0.03162	0	0	0	0	0	0	0.08874	0	0	0	0	0
s__GGB42389_SGB59559	0	0	0	0	0	0	0	0	0	0	0	0	0.02932	0	0	0	0	0	0.06589	0	0	0	0	0	0
s__GGB40351_SGB14301	0	0	0	0	0	0	0	0	0	0	0	0	0.02432	0	0	0	0	0	0	0	0	0	0	0	3.32971
s__GGB10692_SGB17347	0	0	0	0	0	0	0	0	0	0	0	0	0.02144	0	0	0	0	0	0	0	0.00463	0	0	0	0
s__GGB3815_SGB5180	0	0	0	0	0	0	0	0	0	0	0	0	0.00468	0	0	0	0	0	0	0	0	0	0.00047	0	0
s__GGB33512_SGB15201	0	0	0	0	0	0	0	0	0	0	0	0	0.00374	0	0	0	0	0	0	0	0	0	0	0	2.70758
s__Clostridium_saudiense	0	0	0	0	0	0	0	0	0	0	0	0	0	0.10848	0	0	0	0	0	0.01461	0	0	0	0	0
s__GGB3057_SGB4059	0	0	0	0	0	0	0	0	0	0	0	0	0	0.05351	0	0	0	0	0	0	0	0.00557	0	0	0
s__GGB4456_SGB6141	0	0	0	0	0	0	0	0	0	0	0	0	0	0.0482	0	0	0	0	0	0.06889	0	0	0	0	0
s__GGB9533_SGB14936	0	0	0	0	0	0	0	0	0	0	0	0	0	0.0122	0	0	0	0.0008	0	0	0	0	0	0	0
s__Streptococcus_SGB14888	0	0	0	0	0	0	0	0	0	0	0	0	0	0.00473	0	0	0	0	0.00085	0	0	0	0	0	0
s__Oscillibacter_sp_PC13	0	0	0	0	0	0	0	0	0	0	0	0	0	0.00287	0	0	0	0	0	0	0	0.00074	0	0	0
s__Candidatus_Alloscillospira_gallinarum	0	0	0	0	0	0	0	0	0	0	0	0	0	0.00149	0	0	0	0	0	0	0	0	0	0	0.00437
s__Clostridiaceae_bacterium_Marseille_Q3526	0	0	0	0	0	0	0	0	0	0	0	0	0	0	0.14115	0	0	0	0	0.01776	0	0	0	0	0
s__GGB9580_SGB14998	0	0	0	0	0	0	0	0	0	0	0	0	0	0	0	0.03252	0	0	0	0	0	0	0	0	0.05281
s__GGB38744_SGB14842	0	0	0	0	0	0	0	0	0	0	0	0	0	0	0	0	1.31058	0	0	0	0	0.00584	0	0	0
s__GGB9524_SGB14923	0	0	0	0	0	0	0	0	0	0	0	0	0	0	0	0	0	0	0.08771	0.01526	0	0	0	0	0
s__GGB9775_SGB15395	0	0	0	0	0	0	0	0	0	0	0	0	0	0	0	0	0	0	0.04643	0	0	0.20479	0	0	0
s__GGB79908_SGB47660	0	0	0	0	0	0	0	0	0	0	0	0	0	0	0	0	0	0	0.04489	0	0.03923	0	0	0	0
s__Cuneatibacter_caecimuris	0	0	0	0	0	0	0	0	0	0	0	0	0	0	0	0	0	0	0.0082	0	0	0	0	0	0.07621
s__Candidatus_Heteroruminococcus_faecigallinarum	0	0	0	0	0	0	0	0	0	0	0	0	0	0	0	0	0	0	0.00261	0	0	0.00764	0	0	0
s__GGB9646_SGB15123	0	0	0	0	0	0	0	0	0	0	0	0	0	0	0	0	0	0	0	0.0632	0	0	0.04028	0	0
s__GGB3000_SGB3991	0	0	0	0	0	0	0	0	0	0	0	0	0	0	0	0	0	0	0	0.03277	0	0.00561	0	0	0
s__Flavonifractor_sp_An100	0	0	0	0	0	0	0	0	0	0	0	0	0	0	0	0	0	0	0	0.03038	0	0.00322	0	0	0
s__Candidatus_Neoruminococcus_faecicola	0	0	0	0	0	0	0	0	0	0	0	0	0	0	0	0	0	0	0	0.00442	0	0	0	0	0.00137
s__Flavonifractor_sp_An10	0	0	0	0	0	0	0	0	0	0	0	0	0	0	0	0	0	0	0	0.00397	0	0.00915	0	0	0
s__Turicibacter_bilis	0	0	0	0	0	0	0	0	0	0	0	0	0	0	0	0	0	0	0	0.00033	0	0	0.01297	0	0
s__GGB9760_SGB15373	0	0	0	0	0	0	0	0	0	0	0	0	0	0	0	0	0	0	0	0	0	0.06924	0.02913	0	0
s__GGB79998_SGB48024	0	0	0	0	0	0	0	0	0	0	0	0	0	0	0	0	0	0	0	0	0	0.03178	0.02381	0	0
s__GGB9551_SGB14958	0	0	0	0	0	0	0	0	0	0	0	0	0	0	0	0	0	0	0	0	0	0.02627	0	0	0.01098
s__GGB9781_SGB66170	0	0	0	0	0	0	0	0	0	0	0	0	0	0	0	0	0	0	0	0	0	0.00295	0	0	0.00944
s__GGB9781_SGB15402	0	0	0	0	0	0	0	0	0	0	0	0	0	0	0	0	0	0	0	0	0	0.00279	0	0	0.01356
s__GGB4802_SGB6641	0	0	0	0	0	0	0	0	0	0	0	0	0	0	0	0	0	0	0	0	0	0.00176	0.01086	0	0
s__Clostridium_sp_Marseille_P3244	0	0	0	0	0	0	0	0	0	0	0	0	0	0	0	0	0	0	0	0	0	0.00126	0	0	0.00242
s__Candidatus_Aristotella_avistercoris	0	0	0	0	0	0	0	0	0	0	0	0	0	0	0	0	0	0	0	0	0	0.00106	0	0	0.00042
s__Anaerosacchariphilus_sp_NSJ_68	0	0	0	0	0	0	0	0	0	0	0	0	0	0	0	0	0	0	0	0	0	0.00068	0.00291	0	0
s__Raoultella_ornithinolytica	0	0	0	0	0	0	0	0	0	0	0	0	0	0	0	0	0	0	0	0	0	0	0.01091	0	1.23217
s__Collinsella_intestinalis	0.15964	0	0	0	0	0	0	0	0	0	0	0	0	0	0	0	0	0	0	0	0	0	0	0	0
s__Enterococcus_asini	0.00316	0	0	0	0	0	0	0	0	0	0	0	0	0	0	0	0	0	0	0	0	0	0	0	0
s__GGB1249_SGB1670	1.1746	0	0	0	0	0	0	0	0	0	0	0	0	0	0	0	0	0	0	0	0	0	0	0	0
s__GGB79634_SGB5832	0.86534	0	0	0	0	0	0	0	0	0	0	0	0	0	0	0	0	0	0	0	0	0	0	0	0
s__Turicimonas_muris	1.6624	0	0	0	0	0	0	0	0	0	0	0	0	0	0	0	0	0	0	0	0	0	0	0	0
s__Vescimonas_SGB15087	0	0.7349	0	0	0	0	0	0	0	0	0	0	0	0	0	0	0	0	0	0	0	0	0	0	0
s__Candidatus_Methanomassiliicoccus_intestinalis	0	0.38014	0	0	0	0	0	0	0	0	0	0	0	0	0	0	0	0	0	0	0	0	0	0	0
s__Phocaeicola_SGB6473	0	0.30955	0	0	0	0	0	0	0	0	0	0	0	0	0	0	0	0	0	0	0	0	0	0	0
s__GGB9209_SGB14148	0	0.07983	0	0	0	0	0	0	0	0	0	0	0	0	0	0	0	0	0	0	0	0	0	0	0
s__GGB9058_SGB13975	0	0.02731	0	0	0	0	0	0	0	0	0	0	0	0	0	0	0	0	0	0	0	0	0	0	0
s__GGB2999_SGB3990	0	0.02126	0	0	0	0	0	0	0	0	0	0	0	0	0	0	0	0	0	0	0	0	0	0	0
s__Paratractidigestivibacter_faecalis	0	0.01828	0	0	0	0	0	0	0	0	0	0	0	0	0	0	0	0	0	0	0	0	0	0	0
s__GGB4642_SGB6422	0	0.01631	0	0	0	0	0	0	0	0	0	0	0	0	0	0	0	0	0	0	0	0	0	0	0
s__GGB58485_SGB80143	0	0.01348	0	0	0	0	0	0	0	0	0	0	0	0	0	0	0	0	0	0	0	0	0	0	0
s__Robinsoniella_SGB54315	0	0.01222	0	0	0	0	0	0	0	0	0	0	0	0	0	0	0	0	0	0	0	0	0	0	0
s__Ruminococcus_sp_AF46_10NS	0	0.0072	0	0	0	0	0	0	0	0	0	0	0	0	0	0	0	0	0	0	0	0	0	0	0
s__GGB3033_SGB4028	0	0.00693	0	0	0	0	0	0	0	0	0	0	0	0	0	0	0	0	0	0	0	0	0	0	0
s__Lachnoclostridium_sp_An138	0	0.0058	0	0	0	0	0	0	0	0	0	0	0	0	0	0	0	0	0	0	0	0	0	0	0
s__Candidatus_Paralachnospira_caecorum	0	0.00505	0	0	0	0	0	0	0	0	0	0	0	0	0	0	0	0	0	0	0	0	0	0	0
s__Clostridium_sp_AF32_12BH	0	0.0032	0	0	0	0	0	0	0	0	0	0	0	0	0	0	0	0	0	0	0	0	0	0	0
s__Streptococcus_anginosus	0	0.00309	0	0	0	0	0	0	0	0	0	0	0	0	0	0	0	0	0	0	0	0	0	0	0
s__Parolsenella_catena	0	0.00175	0	0	0	0	0	0	0	0	0	0	0	0	0	0	0	0	0	0	0	0	0	0	0
s__Ellagibacter_isourolithinifaciens	0	0.00092	0	0	0	0	0	0	0	0	0	0	0	0	0	0	0	0	0	0	0	0	0	0	0
s__Tissierellaceae_bacterium_BX21	0	0.00043	0	0	0	0	0	0	0	0	0	0	0	0	0	0	0	0	0	0	0	0	0	0	0
s__GGB3287_SGB4341	0	0.00025	0	0	0	0	0	0	0	0	0	0	0	0	0	0	0	0	0	0	0	0	0	0	0
s__GGB79916_SGB4587	0	0	0.56141	0	0	0	0	0	0	0	0	0	0	0	0	0	0	0	0	0	0	0	0	0	0
s__Lachnospiraceae_unclassified_SGB65957	0	0	0.52839	0	0	0	0	0	0	0	0	0	0	0	0	0	0	0	0	0	0	0	0	0	0
s__Streptococcus_pasteurianus	0	0	0.0854	0	0	0	0	0	0	0	0	0	0	0	0	0	0	0	0	0	0	0	0	0	0
s__Clostridiaceae_bacterium_OM02_2AC	0	0	0.0423	0	0	0	0	0	0	0	0	0	0	0	0	0	0	0	0	0	0	0	0	0	0
s__Gardnerella_vaginalis	0	0	0.03336	0	0	0	0	0	0	0	0	0	0	0	0	0	0	0	0	0	0	0	0	0	0
s__Clostridium_sp_AM58_1XD	0	0	0.01725	0	0	0	0	0	0	0	0	0	0	0	0	0	0	0	0	0	0	0	0	0	0
s__Blautia_sp_Marseille_P3087	0	0	0.01633	0	0	0	0	0	0	0	0	0	0	0	0	0	0	0	0	0	0	0	0	0	0
s__Lactonifactor_sp_BIOML_A6	0	0	0.00777	0	0	0	0	0	0	0	0	0	0	0	0	0	0	0	0	0	0	0	0	0	0
s__Streptococcus_mitis	0	0	0.00692	0	0	0	0	0	0	0	0	0	0	0	0	0	0	0	0	0	0	0	0	0	0
s__Clostridium_sp_AF15_17LB	0	0	0.0015	0	0	0	0	0	0	0	0	0	0	0	0	0	0	0	0	0	0	0	0	0	0
s__Gordonibacter_urolithinfaciens	0	0	0.00087	0	0	0	0	0	0	0	0	0	0	0	0	0	0	0	0	0	0	0	0	0	0
s__Massiliimalia_massiliensis	0	0	0.00031	0	0	0	0	0	0	0	0	0	0	0	0	0	0	0	0	0	0	0	0	0	0
s__Alistipes_sp_An31A	0	0	0	13.56658	0	0	0	0	0	0	0	0	0	0	0	0	0	0	0	0	0	0	0	0	0
s__GGB1627_SGB2230	0	0	0	4.41103	0	0	0	0	0	0	0	0	0	0	0	0	0	0	0	0	0	0	0	0	0
s__GGB3733_SGB5066	0	0	0	1.86973	0	0	0	0	0	0	0	0	0	0	0	0	0	0	0	0	0	0	0	0	0
s__GGB6568_SGB9279	0	0	0	1.02532	0	0	0	0	0	0	0	0	0	0	0	0	0	0	0	0	0	0	0	0	0
s__Methanomassiliicoccaceae_unclassified_SGB380	0	0	0	0.68103	0	0	0	0	0	0	0	0	0	0	0	0	0	0	0	0	0	0	0	0	0
s__GGB2996_SGB3983	0	0	0	0.27335	0	0	0	0	0	0	0	0	0	0	0	0	0	0	0	0	0	0	0	0	0
s__Limosilactobacillus_reuteri	0	0	0	0.25328	0	0	0	0	0	0	0	0	0	0	0	0	0	0	0	0	0	0	0	0	0
s__GGB1420_SGB1957	0	0	0	0.22803	0	0	0	0	0	0	0	0	0	0	0	0	0	0	0	0	0	0	0	0	0
s__GGB6123_SGB8767	0	0	0	0.22046	0	0	0	0	0	0	0	0	0	0	0	0	0	0	0	0	0	0	0	0	0
s__Candidatus_Neoclostridium_roslinense	0	0	0	0.20828	0	0	0	0	0	0	0	0	0	0	0	0	0	0	0	0	0	0	0	0	0
s__Rikenellaceae_bacterium	0	0	0	0.18704	0	0	0	0	0	0	0	0	0	0	0	0	0	0	0	0	0	0	0	0	0
s__GGB3344_SGB4424	0	0	0	0.06882	0	0	0	0	0	0	0	0	0	0	0	0	0	0	0	0	0	0	0	0	0
s__GGB9261_SGB14209	0	0	0	0.02819	0	0	0	0	0	0	0	0	0	0	0	0	0	0	0	0	0	0	0	0	0
s__GGB741_SGB955	0	0	0	0.0257	0	0	0	0	0	0	0	0	0	0	0	0	0	0	0	0	0	0	0	0	0
s__GGB34228_SGB53814	0	0	0	0.02419	0	0	0	0	0	0	0	0	0	0	0	0	0	0	0	0	0	0	0	0	0
s__GGB80055_SGB4053	0	0	0	0.02273	0	0	0	0	0	0	0	0	0	0	0	0	0	0	0	0	0	0	0	0	0
s__Dysosmobacter_SGB15074	0	0	0	0.02148	0	0	0	0	0	0	0	0	0	0	0	0	0	0	0	0	0	0	0	0	0
s__Weissella_cibaria	0	0	0	0.01611	0	0	0	0	0	0	0	0	0	0	0	0	0	0	0	0	0	0	0	0	0
s__Streptococcus_lutetiensis	0	0	0	0.01314	0	0	0	0	0	0	0	0	0	0	0	0	0	0	0	0	0	0	0	0	0
s__GGB9640_SGB15115	0	0	0	0.01037	0	0	0	0	0	0	0	0	0	0	0	0	0	0	0	0	0	0	0	0	0
s__GGB34228_SGB72916	0	0	0	0.00333	0	0	0	0	0	0	0	0	0	0	0	0	0	0	0	0	0	0	0	0	0
s__Candidatus_Heritagella_intestinalis	0	0	0	0.0012	0	0	0	0	0	0	0	0	0	0	0	0	0	0	0	0	0	0	0	0	0
s__GGB4546_SGB6267	0	0	0	0	0.46215	0	0	0	0	0	0	0	0	0	0	0	0	0	0	0	0	0	0	0	0
s__GGB3486_SGB4658	0	0	0	0	0.10556	0	0	0	0	0	0	0	0	0	0	0	0	0	0	0	0	0	0	0	0
s__Alistipes_sp_AF17_16	0	0	0	0	0.00787	0	0	0	0	0	0	0	0	0	0	0	0	0	0	0	0	0	0	0	0
s__Sanguibacteroides_justesenii	0	0	0	0	0.00588	0	0	0	0	0	0	0	0	0	0	0	0	0	0	0	0	0	0	0	0
s__Candidatus_Alangreenwoodia_gallinarii	0	0	0	0	0.00431	0	0	0	0	0	0	0	0	0	0	0	0	0	0	0	0	0	0	0	0
s__GGB3593_SGB4817	0	0	0	0	0.00024	0	0	0	0	0	0	0	0	0	0	0	0	0	0	0	0	0	0	0	0
s__Clostridium_sp_OM07_10AC	0	0	0	0	0	0.95849	0	0	0	0	0	0	0	0	0	0	0	0	0	0	0	0	0	0	0
s__Parabacteroides_sp_TM07_1AC	0	0	0	0	0	0.29448	0	0	0	0	0	0	0	0	0	0	0	0	0	0	0	0	0	0	0
s__GGB6016_SGB8648	0	0	0	0	0	0.21714	0	0	0	0	0	0	0	0	0	0	0	0	0	0	0	0	0	0	0
s__GGB59744_SGB2275	0	0	0	0	0	0.16648	0	0	0	0	0	0	0	0	0	0	0	0	0	0	0	0	0	0	0
s__Bacteroides_stercorirosoris	0	0	0	0	0	0.16409	0	0	0	0	0	0	0	0	0	0	0	0	0	0	0	0	0	0	0
s__Victivallis_lenta	0	0	0	0	0	0.0355	0	0	0	0	0	0	0	0	0	0	0	0	0	0	0	0	0	0	0
s__GGB3002_SGB3993	0	0	0	0	0	0.00665	0	0	0	0	0	0	0	0	0	0	0	0	0	0	0	0	0	0	0
s__Blautia_schinkii	0	0	0	0	0	0.006	0	0	0	0	0	0	0	0	0	0	0	0	0	0	0	0	0	0	0
s__GGB14025_SGB14906	0	0	0	0	0	0.00292	0	0	0	0	0	0	0	0	0	0	0	0	0	0	0	0	0	0	0
s__Cryobacterium_SGB4870	0	0	0	0	0	0	2.62659	0	0	0	0	0	0	0	0	0	0	0	0	0	0	0	0	0	0
s__GGB3424_SGB4551	0	0	0	0	0	0	0.73523	0	0	0	0	0	0	0	0	0	0	0	0	0	0	0	0	0	0
s__Eubacteriales_unclassified_SGB4860	0	0	0	0	0	0	0.57306	0	0	0	0	0	0	0	0	0	0	0	0	0	0	0	0	0	0
s__GGB9580_SGB14996	0	0	0	0	0	0	0.19612	0	0	0	0	0	0	0	0	0	0	0	0	0	0	0	0	0	0
s__Mogibacterium_sp_NSJ_24	0	0	0	0	0	0	0.11898	0	0	0	0	0	0	0	0	0	0	0	0	0	0	0	0	0	0
s__Bifidobacterium_breve	0	0	0	0	0	0	0.05181	0	0	0	0	0	0	0	0	0	0	0	0	0	0	0	0	0	0
s__Roseburia_sp_AM16_25	0	0	0	0	0	0	0.04558	0	0	0	0	0	0	0	0	0	0	0	0	0	0	0	0	0	0
s__Lachnoclostridium_phocaeense	0	0	0	0	0	0	0.0286	0	0	0	0	0	0	0	0	0	0	0	0	0	0	0	0	0	0
s__Amedibacterium_intestinale	0	0	0	0	0	0	0.02402	0	0	0	0	0	0	0	0	0	0	0	0	0	0	0	0	0	0
s__Citrobacter_freundii	0	0	0	0	0	0	0.01198	0	0	0	0	0	0	0	0	0	0	0	0	0	0	0	0	0	0
s__GGB38511_SGB57594	0	0	0	0	0	0	0	4.43744	0	0	0	0	0	0	0	0	0	0	0	0	0	0	0	0	0
s__Faecalicoccus_SGB6321	0	0	0	0	0	0	0	3.23574	0	0	0	0	0	0	0	0	0	0	0	0	0	0	0	0	0
s__Collinsella_sp_AF08_23	0	0	0	0	0	0	0	1.44264	0	0	0	0	0	0	0	0	0	0	0	0	0	0	0	0	0
s__Alistipes_sp_D31t1_170403_E11	0	0	0	0	0	0	0	0.77264	0	0	0	0	0	0	0	0	0	0	0	0	0	0	0	0	0
s__GGB51269_SGB5062	0	0	0	0	0	0	0	0.17119	0	0	0	0	0	0	0	0	0	0	0	0	0	0	0	0	0
s__Collinsella_SGB4866	0	0	0	0	0	0	0	0.0464	0	0	0	0	0	0	0	0	0	0	0	0	0	0	0	0	0
s__Massilistercora_SGB71784	0	0	0	0	0	0	0	0.01221	0	0	0	0	0	0	0	0	0	0	0	0	0	0	0	0	0
s__Collinsella_SGB62935	0	0	0	0	0	0	0	0.00223	0	0	0	0	0	0	0	0	0	0	0	0	0	0	0	0	0
s__Mediterraneibacter_massiliensis	0	0	0	0	0	0	0	0.00096	0	0	0	0	0	0	0	0	0	0	0	0	0	0	0	0	0
s__Mediterraneibacter_SGB4598	0	0	0	0	0	0	0	0	1.54263	0	0	0	0	0	0	0	0	0	0	0	0	0	0	0	0
s__GGB79097_SGB105802	0	0	0	0	0	0	0	0	0.04826	0	0	0	0	0	0	0	0	0	0	0	0	0	0	0	0
s__Citrobacter_braakii	0	0	0	0	0	0	0	0	0	0.19633	0	0	0	0	0	0	0	0	0	0	0	0	0	0	0
s__Enterococcus_faecium	0	0	0	0	0	0	0	0	0	0.05032	0	0	0	0	0	0	0	0	0	0	0	0	0	0	0
s__Bifidobacterium_catenulatum	0	0	0	0	0	0	0	0	0	0.02273	0	0	0	0	0	0	0	0	0	0	0	0	0	0	0
s__Proteus_vulgaris	0	0	0	0	0	0	0	0	0	0.02244	0	0	0	0	0	0	0	0	0	0	0	0	0	0	0
s__Klebsiella_michiganensis	0	0	0	0	0	0	0	0	0	0.0141	0	0	0	0	0	0	0	0	0	0	0	0	0	0	0
s__Candidatus_Pseudoruminococcus_merdavium	0	0	0	0	0	0	0	0	0	0.00131	0	0	0	0	0	0	0	0	0	0	0	0	0	0	0
s__Lactobacillus_gasseri	0	0	0	0	0	0	0	0	0	0	0.69077	0	0	0	0	0	0	0	0	0	0	0	0	0	0
s__GGB3548_SGB4744	0	0	0	0	0	0	0	0	0	0	0.06063	0	0	0	0	0	0	0	0	0	0	0	0	0	0
s__Ligilactobacillus_salivarius	0	0	0	0	0	0	0	0	0	0	0.01697	0	0	0	0	0	0	0	0	0	0	0	0	0	0
s__Coprobacillus_SGB6753	0	0	0	0	0	0	0	0	0	0	0.01233	0	0	0	0	0	0	0	0	0	0	0	0	0	0
s__GGB9184_SGB14123	0	0	0	0	0	0	0	0	0	0	0	0.0374	0	0	0	0	0	0	0	0	0	0	0	0	0
s__GGB3446_SGB4597	0	0	0	0	0	0	0	0	0	0	0	0.00125	0	0	0	0	0	0	0	0	0	0	0	0	0
s__Actinomyces_SGB4175	0	0	0	0	0	0	0	0	0	0	0	0	2.78027	0	0	0	0	0	0	0	0	0	0	0	0
s__Prevotella_nigrescens	0	0	0	0	0	0	0	0	0	0	0	0	0.48242	0	0	0	0	0	0	0	0	0	0	0	0
s__GGB9634_SGB15097	0	0	0	0	0	0	0	0	0	0	0	0	0.36922	0	0	0	0	0	0	0	0	0	0	0	0
s__Parvimonas_micra	0	0	0	0	0	0	0	0	0	0	0	0	0.22039	0	0	0	0	0	0	0	0	0	0	0	0
s__GGB9746_SGB15352	0	0	0	0	0	0	0	0	0	0	0	0	0.19409	0	0	0	0	0	0	0	0	0	0	0	0
s__Solobacterium_moorei	0	0	0	0	0	0	0	0	0	0	0	0	0.17425	0	0	0	0	0	0	0	0	0	0	0	0
s__Eubacteriaceae_bacterium_Marseille_Q4139	0	0	0	0	0	0	0	0	0	0	0	0	0.17301	0	0	0	0	0	0	0	0	0	0	0	0
s__GGB9211_SGB14151	0	0	0	0	0	0	0	0	0	0	0	0	0.17053	0	0	0	0	0	0	0	0	0	0	0	0
s__GGB4564_SGB6302	0	0	0	0	0	0	0	0	0	0	0	0	0.12345	0	0	0	0	0	0	0	0	0	0	0	0
s__Dysosmobacter_sp_Marseille_Q4140	0	0	0	0	0	0	0	0	0	0	0	0	0.11307	0	0	0	0	0	0	0	0	0	0	0	0
s__GGB9200_SGB14139	0	0	0	0	0	0	0	0	0	0	0	0	0.1074	0	0	0	0	0	0	0	0	0	0	0	0
s__GGB4653_SGB6440	0	0	0	0	0	0	0	0	0	0	0	0	0.08861	0	0	0	0	0	0	0	0	0	0	0	0
s__GGB9334_SGB14298	0	0	0	0	0	0	0	0	0	0	0	0	0.08096	0	0	0	0	0	0	0	0	0	0	0	0
s__Pseudoflavonifractor_sp_Marseille_P3106	0	0	0	0	0	0	0	0	0	0	0	0	0.05899	0	0	0	0	0	0	0	0	0	0	0	0
s__GGB47150_SGB65079	0	0	0	0	0	0	0	0	0	0	0	0	0.05583	0	0	0	0	0	0	0	0	0	0	0	0
s__Porphyromonas_uenonis	0	0	0	0	0	0	0	0	0	0	0	0	0.04928	0	0	0	0	0	0	0	0	0	0	0	0
s__GGB9634_SGB15101	0	0	0	0	0	0	0	0	0	0	0	0	0.04708	0	0	0	0	0	0	0	0	0	0	0	0
s__Clostridiales_bacterium_VE202_01	0	0	0	0	0	0	0	0	0	0	0	0	0.02551	0	0	0	0	0	0	0	0	0	0	0	0
s__Eisenbergiella_sp_OF01_20	0	0	0	0	0	0	0	0	0	0	0	0	0.01833	0	0	0	0	0	0	0	0	0	0	0	0
s__Peptostreptococcus_SGB749	0	0	0	0	0	0	0	0	0	0	0	0	0.01585	0	0	0	0	0	0	0	0	0	0	0	0
s__Candidatus_Pseudobutyricicoccus_lothianensis	0	0	0	0	0	0	0	0	0	0	0	0	0.01417	0	0	0	0	0	0	0	0	0	0	0	0
s__Streptococcus_SGB14036	0	0	0	0	0	0	0	0	0	0	0	0	0.01316	0	0	0	0	0	0	0	0	0	0	0	0
s__Pseudomonas_aeruginosa	0	0	0	0	0	0	0	0	0	0	0	0	0.01279	0	0	0	0	0	0	0	0	0	0	0	0
s__Mogibacterium_timidum	0	0	0	0	0	0	0	0	0	0	0	0	0.00886	0	0	0	0	0	0	0	0	0	0	0	0
s__Prevotella_oralis	0	0	0	0	0	0	0	0	0	0	0	0	0.00792	0	0	0	0	0	0	0	0	0	0	0	0
s__GGB3892_SGB5290	0	0	0	0	0	0	0	0	0	0	0	0	0.00744	0	0	0	0	0	0	0	0	0	0	0	0
s__GGB3518_SGB4697	0	0	0	0	0	0	0	0	0	0	0	0	0.00619	0	0	0	0	0	0	0	0	0	0	0	0
s__GGB33512_SGB15202	0	0	0	0	0	0	0	0	0	0	0	0	0.00561	0	0	0	0	0	0	0	0	0	0	0	0
s__GGB9636_SGB15108	0	0	0	0	0	0	0	0	0	0	0	0	0.00535	0	0	0	0	0	0	0	0	0	0	0	0
s__GGB3678_SGB4991	0	0	0	0	0	0	0	0	0	0	0	0	0.00456	0	0	0	0	0	0	0	0	0	0	0	0
s__GGB9559_SGB69175	0	0	0	0	0	0	0	0	0	0	0	0	0.00387	0	0	0	0	0	0	0	0	0	0	0	0
s__Peptoniphilus_lacrimalis	0	0	0	0	0	0	0	0	0	0	0	0	0.00352	0	0	0	0	0	0	0	0	0	0	0	0
s__Parabacteroides_gordonii	0	0	0	0	0	0	0	0	0	0	0	0	0.00297	0	0	0	0	0	0	0	0	0	0	0	0
s__Clostridiales_bacterium_NSJ_40	0	0	0	0	0	0	0	0	0	0	0	0	0.00254	0	0	0	0	0	0	0	0	0	0	0	0
s__Christensenella_minuta	0	0	0	0	0	0	0	0	0	0	0	0	0.00203	0	0	0	0	0	0	0	0	0	0	0	0
s__Christensenella_sp_NSJ_35	0	0	0	0	0	0	0	0	0	0	0	0	0.00179	0	0	0	0	0	0	0	0	0	0	0	0
s__Cloacibacillus_evryensis	0	0	0	0	0	0	0	0	0	0	0	0	0.00113	0	0	0	0	0	0	0	0	0	0	0	0
s__Pseudoglutamicibacter_SGB14255	0	0	0	0	0	0	0	0	0	0	0	0	0.00093	0	0	0	0	0	0	0	0	0	0	0	0
s__GGB9620_SGB15068	0	0	0	0	0	0	0	0	0	0	0	0	0.0009	0	0	0	0	0	0	0	0	0	0	0	0
s__Butyricimonas_faecihominis	0	0	0	0	0	0	0	0	0	0	0	0	0	0.38457	0	0	0	0	0	0	0	0	0	0	0
s__Dakarella_massiliensis	0	0	0	0	0	0	0	0	0	0	0	0	0	0.24556	0	0	0	0	0	0	0	0	0	0	0
s__GGB30455_SGB72339	0	0	0	0	0	0	0	0	0	0	0	0	0	0.02563	0	0	0	0	0	0	0	0	0	0	0
s__Collinsella_bouchesdurhonensis	0	0	0	0	0	0	0	0	0	0	0	0	0	0.0203	0	0	0	0	0	0	0	0	0	0	0
s__GGB34797_SGB14322	0	0	0	0	0	0	0	0	0	0	0	0	0	0.01323	0	0	0	0	0	0	0	0	0	0	0
s__Senegalimassilia_faecalis	0	0	0	0	0	0	0	0	0	0	0	0	0	0.01179	0	0	0	0	0	0	0	0	0	0	0
s__Actinomyces_sp_HMSC035G02	0	0	0	0	0	0	0	0	0	0	0	0	0	0.002	0	0	0	0	0	0	0	0	0	0	0
s__Intestinibacillus_sp_Marseille_P6563	0	0	0	0	0	0	0	0	0	0	0	0	0	0.00086	0	0	0	0	0	0	0	0	0	0	0
s__GGB51139_SGB71360	0	0	0	0	0	0	0	0	0	0	0	0	0	0.00083	0	0	0	0	0	0	0	0	0	0	0
s__Phocaeicola_faecicola	0	0	0	0	0	0	0	0	0	0	0	0	0	0	1.11193	0	0	0	0	0	0	0	0	0	0
s__Prevotella_corporis	0	0	0	0	0	0	0	0	0	0	0	0	0	0	0.11687	0	0	0	0	0	0	0	0	0	0
s__Fusobacterium_mortiferum	0	0	0	0	0	0	0	0	0	0	0	0	0	0	0.07769	0	0	0	0	0	0	0	0	0	0
s__Porphyromonas_SGB1977	0	0	0	0	0	0	0	0	0	0	0	0	0	0	0.0707	0	0	0	0	0	0	0	0	0	0
s__GGB3463_SGB4621	0	0	0	0	0	0	0	0	0	0	0	0	0	0	0.03893	0	0	0	0	0	0	0	0	0	0
s__Fenollaria_timonensis	0	0	0	0	0	0	0	0	0	0	0	0	0	0	0.02565	0	0	0	0	0	0	0	0	0	0
s__Gemmiger_sp_An87	0	0	0	0	0	0	0	0	0	0	0	0	0	0	0.02255	0	0	0	0	0	0	0	0	0	0
s__Levyella_massiliensis	0	0	0	0	0	0	0	0	0	0	0	0	0	0	0.00966	0	0	0	0	0	0	0	0	0	0
s__Prevotella_buccalis	0	0	0	0	0	0	0	0	0	0	0	0	0	0	0.00763	0	0	0	0	0	0	0	0	0	0
s__GGB1215_SGB1581	0	0	0	0	0	0	0	0	0	0	0	0	0	0	0.00532	0	0	0	0	0	0	0	0	0	0
s__Campylobacter_ureolyticus	0	0	0	0	0	0	0	0	0	0	0	0	0	0	0.00258	0	0	0	0	0	0	0	0	0	0
s__Alistipes_SGB6032	0	0	0	0	0	0	0	0	0	0	0	0	0	0	0.00106	0	0	0	0	0	0	0	0	0	0
s__Bacteroides_rodentium	0	0	0	0	0	0	0	0	0	0	0	0	0	0	0.00043	0	0	0	0	0	0	0	0	0	0
s__Bacteroides_caecigallinarum	0	0	0	0	0	0	0	0	0	0	0	0	0	0	0	5.99262	0	0	0	0	0	0	0	0	0
s__GGB1391_SGB1909	0	0	0	0	0	0	0	0	0	0	0	0	0	0	0	2.70038	0	0	0	0	0	0	0	0	0
s__Desulfovibrio_porci	0	0	0	0	0	0	0	0	0	0	0	0	0	0	0	0.65834	0	0	0	0	0	0	0	0	0
s__GGB1093_SGB1404	0	0	0	0	0	0	0	0	0	0	0	0	0	0	0	0.07527	0	0	0	0	0	0	0	0	0
s__Merdimonas_faecis	0	0	0	0	0	0	0	0	0	0	0	0	0	0	0	0.06304	0	0	0	0	0	0	0	0	0
s__Massilimicrobiota_timonensis	0	0	0	0	0	0	0	0	0	0	0	0	0	0	0	0.03668	0	0	0	0	0	0	0	0	0
s__GGB1407_SGB1930	0	0	0	0	0	0	0	0	0	0	0	0	0	0	0	0.02757	0	0	0	0	0	0	0	0	0
s__Tropheryma_whipplei	0	0	0	0	0	0	0	0	0	0	0	0	0	0	0	0.00264	0	0	0	0	0	0	0	0	0
s__GGB3612_SGB4882	0	0	0	0	0	0	0	0	0	0	0	0	0	0	0	0.00192	0	0	0	0	0	0	0	0	0
s__GGB3124_SGB4136	0	0	0	0	0	0	0	0	0	0	0	0	0	0	0	0	0.31593	0	0	0	0	0	0	0	0
s__Faecalicatena_contorta	0	0	0	0	0	0	0	0	0	0	0	0	0	0	0	0	0.20429	0	0	0	0	0	0	0	0
s__GGB6572_SGB9284	0	0	0	0	0	0	0	0	0	0	0	0	0	0	0	0	0.1264	0	0	0	0	0	0	0	0
s__Haemophilus_SGB66626	0	0	0	0	0	0	0	0	0	0	0	0	0	0	0	0	0.07766	0	0	0	0	0	0	0	0
s__GGB3602_SGB66069	0	0	0	0	0	0	0	0	0	0	0	0	0	0	0	0	0.00322	0	0	0	0	0	0	0	0
s__Actinomyces_SGB17132	0	0	0	0	0	0	0	0	0	0	0	0	0	0	0	0	0.00066	0	0	0	0	0	0	0	0
s__GGB9513_SGB14911	0	0	0	0	0	0	0	0	0	0	0	0	0	0	0	0	0	0.62559	0	0	0	0	0	0	0
s__Eubacteriales_unclassified_SGB4861	0	0	0	0	0	0	0	0	0	0	0	0	0	0	0	0	0	0.0035	0	0	0	0	0	0	0
s__Akkermansia_sp_BIOML_A40	0	0	0	0	0	0	0	0	0	0	0	0	0	0	0	0	0	0	4.07299	0	0	0	0	0	0
s__Lachnospiraceae_bacterium_BX3	0	0	0	0	0	0	0	0	0	0	0	0	0	0	0	0	0	0	0.29568	0	0	0	0	0	0
s__Sphingomonas_SGB1787	0	0	0	0	0	0	0	0	0	0	0	0	0	0	0	0	0	0	0.26585	0	0	0	0	0	0
s__GGB1559_SGB2146	0	0	0	0	0	0	0	0	0	0	0	0	0	0	0	0	0	0	0.04977	0	0	0	0	0	0
s__Candidatus_Roslinia_caecavium	0	0	0	0	0	0	0	0	0	0	0	0	0	0	0	0	0	0	0.01763	0	0	0	0	0	0
s__GGB80142_SGB14021	0	0	0	0	0	0	0	0	0	0	0	0	0	0	0	0	0	0	0.01733	0	0	0	0	0	0
s__Clostridium_perfringens	0	0	0	0	0	0	0	0	0	0	0	0	0	0	0	0	0	0	0.01466	0	0	0	0	0	0
s__Candidatus_Stoquefichus_sp_SB1	0	0	0	0	0	0	0	0	0	0	0	0	0	0	0	0	0	0	0.01431	0	0	0	0	0	0
s__GGB3600_SGB47662	0	0	0	0	0	0	0	0	0	0	0	0	0	0	0	0	0	0	0.0066	0	0	0	0	0	0
s__Bariatricus_massiliensis	0	0	0	0	0	0	0	0	0	0	0	0	0	0	0	0	0	0	0.00536	0	0	0	0	0	0
s__Bacilliculturomica_massiliensis	0	0	0	0	0	0	0	0	0	0	0	0	0	0	0	0	0	0	0.00477	0	0	0	0	0	0
s__GGB3047_SGB47238	0	0	0	0	0	0	0	0	0	0	0	0	0	0	0	0	0	0	0	2.9517	0	0	0	0	0
s__GGB1543_SGB2126	0	0	0	0	0	0	0	0	0	0	0	0	0	0	0	0	0	0	0	0.53505	0	0	0	0	0
s__GGB13758_SGB9208	0	0	0	0	0	0	0	0	0	0	0	0	0	0	0	0	0	0	0	0.38133	0	0	0	0	0
s__GGB9299_SGB14259	0	0	0	0	0	0	0	0	0	0	0	0	0	0	0	0	0	0	0	0.24289	0	0	0	0	0
s__Streptococcus_rubneri	0	0	0	0	0	0	0	0	0	0	0	0	0	0	0	0	0	0	0	0.02482	0	0	0	0	0
s__Clostridium_sp_1001270J_160509_D11	0	0	0	0	0	0	0	0	0	0	0	0	0	0	0	0	0	0	0	0.01032	0	0	0	0	0
s__Candidatus_Neoanaerotignum_tabaqchaliae	0	0	0	0	0	0	0	0	0	0	0	0	0	0	0	0	0	0	0	0.00922	0	0	0	0	0
s__Candidatus_Avimonas_intestinalis	0	0	0	0	0	0	0	0	0	0	0	0	0	0	0	0	0	0	0	0.00802	0	0	0	0	0
s__GGB42639_SGB59836	0	0	0	0	0	0	0	0	0	0	0	0	0	0	0	0	0	0	0	0.00564	0	0	0	0	0
s__GGB45620_SGB63333	0	0	0	0	0	0	0	0	0	0	0	0	0	0	0	0	0	0	0	0.00502	0	0	0	0	0
s__GGB2987_SGB3969	0	0	0	0	0	0	0	0	0	0	0	0	0	0	0	0	0	0	0	0.00443	0	0	0	0	0
s__GGB45540_SGB63220	0	0	0	0	0	0	0	0	0	0	0	0	0	0	0	0	0	0	0	0.00303	0	0	0	0	0
s__Clostridiaceae_bacterium_NSJ_31	0	0	0	0	0	0	0	0	0	0	0	0	0	0	0	0	0	0	0	0.00223	0	0	0	0	0
s__Massilicoli_timonensis	0	0	0	0	0	0	0	0	0	0	0	0	0	0	0	0	0	0	0	0.00217	0	0	0	0	0
s__GGB9536_SGB14939	0	0	0	0	0	0	0	0	0	0	0	0	0	0	0	0	0	0	0	0.00171	0	0	0	0	0
s__GGB45432_SGB63101	0	0	0	0	0	0	0	0	0	0	0	0	0	0	0	0	0	0	0	0.00097	0	0	0	0	0
s__GGB5979_SGB8598	0	0	0	0	0	0	0	0	0	0	0	0	0	0	0	0	0	0	0	0	7.44995	0	0	0	0
s__Bacteroides_congonensis	0	0	0	0	0	0	0	0	0	0	0	0	0	0	0	0	0	0	0	0	2.11889	0	0	0	0
s__GGB3654_SGB4965	0	0	0	0	0	0	0	0	0	0	0	0	0	0	0	0	0	0	0	0	0.6512	0	0	0	0
s__Coprobacter_secundus	0	0	0	0	0	0	0	0	0	0	0	0	0	0	0	0	0	0	0	0	0.50015	0	0	0	0
s__Catenibacterium_SGB4425	0	0	0	0	0	0	0	0	0	0	0	0	0	0	0	0	0	0	0	0	0.36137	0	0	0	0
s__GGB3730_SGB5060	0	0	0	0	0	0	0	0	0	0	0	0	0	0	0	0	0	0	0	0	0.08716	0	0	0	0
s__GGB9661_SGB15148	0	0	0	0	0	0	0	0	0	0	0	0	0	0	0	0	0	0	0	0	0.06492	0	0	0	0
s__GGB9608_SGB15041	0	0	0	0	0	0	0	0	0	0	0	0	0	0	0	0	0	0	0	0	0.04637	0	0	0	0
s__GGB9559_SGB14969	0	0	0	0	0	0	0	0	0	0	0	0	0	0	0	0	0	0	0	0	0.02407	0	0	0	0
s__Anaerostipes_hominis	0	0	0	0	0	0	0	0	0	0	0	0	0	0	0	0	0	0	0	0	0.02198	0	0	0	0
s__GGB28645_SGB94922	0	0	0	0	0	0	0	0	0	0	0	0	0	0	0	0	0	0	0	0	0.02099	0	0	0	0
s__GGB3945_SGB8597	0	0	0	0	0	0	0	0	0	0	0	0	0	0	0	0	0	0	0	0	0.01127	0	0	0	0
s__Bittarella_massiliensis	0	0	0	0	0	0	0	0	0	0	0	0	0	0	0	0	0	0	0	0	0.00619	0	0	0	0
s__Luxibacter_massiliensis	0	0	0	0	0	0	0	0	0	0	0	0	0	0	0	0	0	0	0	0	0.00183	0	0	0	0
s__Blautia_argi	0	0	0	0	0	0	0	0	0	0	0	0	0	0	0	0	0	0	0	0	0.0005	0	0	0	0
s__GGB13779_SGB65075	0	0	0	0	0	0	0	0	0	0	0	0	0	0	0	0	0	0	0	0	0	4.53151	0	0	0
s__GGB4716_SGB6531	0	0	0	0	0	0	0	0	0	0	0	0	0	0	0	0	0	0	0	0	0	2.34215	0	0	0
s__Alistipes_SGB2313	0	0	0	0	0	0	0	0	0	0	0	0	0	0	0	0	0	0	0	0	0	2.29778	0	0	0
s__GGB4750_SGB6579	0	0	0	0	0	0	0	0	0	0	0	0	0	0	0	0	0	0	0	0	0	1.79298	0	0	0
s__GGB9591_SGB15013	0	0	0	0	0	0	0	0	0	0	0	0	0	0	0	0	0	0	0	0	0	1.47972	0	0	0
s__GGB1538_SGB2121	0	0	0	0	0	0	0	0	0	0	0	0	0	0	0	0	0	0	0	0	0	0.99629	0	0	0
s__GGB4578_SGB6328	0	0	0	0	0	0	0	0	0	0	0	0	0	0	0	0	0	0	0	0	0	0.8645	0	0	0
s__GGB9593_SGB15015	0	0	0	0	0	0	0	0	0	0	0	0	0	0	0	0	0	0	0	0	0	0.82512	0	0	0
s__Staphylococcus_SGB6340	0	0	0	0	0	0	0	0	0	0	0	0	0	0	0	0	0	0	0	0	0	0.81494	0	0	0
s__GGB9634_SGB15100	0	0	0	0	0	0	0	0	0	0	0	0	0	0	0	0	0	0	0	0	0	0.81319	0	0	0
s__GGB4708_SGB6518	0	0	0	0	0	0	0	0	0	0	0	0	0	0	0	0	0	0	0	0	0	0.80916	0	0	0
s__GGB4695_SGB6494	0	0	0	0	0	0	0	0	0	0	0	0	0	0	0	0	0	0	0	0	0	0.75302	0	0	0
s__GGB9691_SGB15198	0	0	0	0	0	0	0	0	0	0	0	0	0	0	0	0	0	0	0	0	0	0.74193	0	0	0
s__GGB6585_SGB9307	0	0	0	0	0	0	0	0	0	0	0	0	0	0	0	0	0	0	0	0	0	0.74041	0	0	0
s__GGB6012_SGB8640	0	0	0	0	0	0	0	0	0	0	0	0	0	0	0	0	0	0	0	0	0	0.66533	0	0	0
s__GGB3306_SGB4373	0	0	0	0	0	0	0	0	0	0	0	0	0	0	0	0	0	0	0	0	0	0.61684	0	0	0
s__GGB4769_SGB6602	0	0	0	0	0	0	0	0	0	0	0	0	0	0	0	0	0	0	0	0	0	0.60923	0	0	0
s__GGB9275_SGB14227	0	0	0	0	0	0	0	0	0	0	0	0	0	0	0	0	0	0	0	0	0	0.34182	0	0	0
s__GGB13818_SGB6606	0	0	0	0	0	0	0	0	0	0	0	0	0	0	0	0	0	0	0	0	0	0.28845	0	0	0
s__GGB4676_SGB6465	0	0	0	0	0	0	0	0	0	0	0	0	0	0	0	0	0	0	0	0	0	0.26209	0	0	0
s__GGB6002_SGB24096	0	0	0	0	0	0	0	0	0	0	0	0	0	0	0	0	0	0	0	0	0	0.24696	0	0	0
s__GGB9334_SGB14297	0	0	0	0	0	0	0	0	0	0	0	0	0	0	0	0	0	0	0	0	0	0.23941	0	0	0
s__GGB79981_SGB14222	0	0	0	0	0	0	0	0	0	0	0	0	0	0	0	0	0	0	0	0	0	0.23415	0	0	0
s__Candidatus_Gastranaerophilales_bacterium	0	0	0	0	0	0	0	0	0	0	0	0	0	0	0	0	0	0	0	0	0	0.23404	0	0	0
s__GGB4699_SGB6502	0	0	0	0	0	0	0	0	0	0	0	0	0	0	0	0	0	0	0	0	0	0.22324	0	0	0
s__GGB4564_SGB6301	0	0	0	0	0	0	0	0	0	0	0	0	0	0	0	0	0	0	0	0	0	0.19953	0	0	0
s__GGB9093_SGB14023	0	0	0	0	0	0	0	0	0	0	0	0	0	0	0	0	0	0	0	0	0	0.18362	0	0	0
s__GGB9109_SGB14042	0	0	0	0	0	0	0	0	0	0	0	0	0	0	0	0	0	0	0	0	0	0.18134	0	0	0
s__GGB9302_SGB14263	0	0	0	0	0	0	0	0	0	0	0	0	0	0	0	0	0	0	0	0	0	0.17802	0	0	0
s__Desulfovibrio_legallii	0	0	0	0	0	0	0	0	0	0	0	0	0	0	0	0	0	0	0	0	0	0.17174	0	0	0
s__Gemmiger_SGB1481	0	0	0	0	0	0	0	0	0	0	0	0	0	0	0	0	0	0	0	0	0	0.13436	0	0	0
s__GGB4664_SGB6452	0	0	0	0	0	0	0	0	0	0	0	0	0	0	0	0	0	0	0	0	0	0.12268	0	0	0
s__GGB9790_SGB15413	0	0	0	0	0	0	0	0	0	0	0	0	0	0	0	0	0	0	0	0	0	0.11232	0	0	0
s__GGB9636_SGB15107	0	0	0	0	0	0	0	0	0	0	0	0	0	0	0	0	0	0	0	0	0	0.10746	0	0	0
s__GGB9767_SGB15385	0	0	0	0	0	0	0	0	0	0	0	0	0	0	0	0	0	0	0	0	0	0.09397	0	0	0
s__GGB4613_SGB6388	0	0	0	0	0	0	0	0	0	0	0	0	0	0	0	0	0	0	0	0	0	0.08787	0	0	0
s__GGB4605_SGB6376	0	0	0	0	0	0	0	0	0	0	0	0	0	0	0	0	0	0	0	0	0	0.08723	0	0	0
s__GGB79634_SGB101324	0	0	0	0	0	0	0	0	0	0	0	0	0	0	0	0	0	0	0	0	0	0.07201	0	0	0
s__GGB4723_SGB6540	0	0	0	0	0	0	0	0	0	0	0	0	0	0	0	0	0	0	0	0	0	0.06481	0	0	0
s__GGB9677_SGB53522	0	0	0	0	0	0	0	0	0	0	0	0	0	0	0	0	0	0	0	0	0	0.05617	0	0	0
s__GGB9291_SGB14248	0	0	0	0	0	0	0	0	0	0	0	0	0	0	0	0	0	0	0	0	0	0.05539	0	0	0
s__GGB3619_SGB4894	0	0	0	0	0	0	0	0	0	0	0	0	0	0	0	0	0	0	0	0	0	0.0545	0	0	0
s__Acinetobacter_SGB65105	0	0	0	0	0	0	0	0	0	0	0	0	0	0	0	0	0	0	0	0	0	0.05343	0	0	0
s__GGB9172_SGB14110	0	0	0	0	0	0	0	0	0	0	0	0	0	0	0	0	0	0	0	0	0	0.05276	0	0	0
s__GGB9618_SGB15065	0	0	0	0	0	0	0	0	0	0	0	0	0	0	0	0	0	0	0	0	0	0.05256	0	0	0
s__Anaerococcus_SGB15407	0	0	0	0	0	0	0	0	0	0	0	0	0	0	0	0	0	0	0	0	0	0.05069	0	0	0
s__GGB79653_SGB4228	0	0	0	0	0	0	0	0	0	0	0	0	0	0	0	0	0	0	0	0	0	0.04485	0	0	0
s__GGB4584_SGB6338	0	0	0	0	0	0	0	0	0	0	0	0	0	0	0	0	0	0	0	0	0	0.04418	0	0	0
s__GGB9687_SGB14016	0	0	0	0	0	0	0	0	0	0	0	0	0	0	0	0	0	0	0	0	0	0.03847	0	0	0
s__GGB4597_SGB6359	0	0	0	0	0	0	0	0	0	0	0	0	0	0	0	0	0	0	0	0	0	0.03592	0	0	0
s__GGB9630_SGB15084	0	0	0	0	0	0	0	0	0	0	0	0	0	0	0	0	0	0	0	0	0	0.03552	0	0	0
s__GGB4651_SGB6438	0	0	0	0	0	0	0	0	0	0	0	0	0	0	0	0	0	0	0	0	0	0.02749	0	0	0
s__GGB9677_SGB15180	0	0	0	0	0	0	0	0	0	0	0	0	0	0	0	0	0	0	0	0	0	0.02719	0	0	0
s__GGB3160_SGB4364	0	0	0	0	0	0	0	0	0	0	0	0	0	0	0	0	0	0	0	0	0	0.02577	0	0	0
s__GGB4659_SGB6447	0	0	0	0	0	0	0	0	0	0	0	0	0	0	0	0	0	0	0	0	0	0.02482	0	0	0
s__GGB6126_SGB8772	0	0	0	0	0	0	0	0	0	0	0	0	0	0	0	0	0	0	0	0	0	0.02232	0	0	0
s__GGB9256_SGB14202	0	0	0	0	0	0	0	0	0	0	0	0	0	0	0	0	0	0	0	0	0	0.02081	0	0	0
s__GGB47687_SGB2286	0	0	0	0	0	0	0	0	0	0	0	0	0	0	0	0	0	0	0	0	0	0.02027	0	0	0
s__GGB2983_SGB3965	0	0	0	0	0	0	0	0	0	0	0	0	0	0	0	0	0	0	0	0	0	0.01933	0	0	0
s__GGB9469_SGB14863	0	0	0	0	0	0	0	0	0	0	0	0	0	0	0	0	0	0	0	0	0	0.01782	0	0	0
s__GGB9082_SGB14007	0	0	0	0	0	0	0	0	0	0	0	0	0	0	0	0	0	0	0	0	0	0.01767	0	0	0
s__GGB4580_SGB6330	0	0	0	0	0	0	0	0	0	0	0	0	0	0	0	0	0	0	0	0	0	0.01607	0	0	0
s__GGB3323_SGB4400	0	0	0	0	0	0	0	0	0	0	0	0	0	0	0	0	0	0	0	0	0	0.01522	0	0	0
s__Pseudoruminococcus_massiliensis	0	0	0	0	0	0	0	0	0	0	0	0	0	0	0	0	0	0	0	0	0	0.01433	0	0	0
s__Clostridiaceae_unclassified_SGB4771	0	0	0	0	0	0	0	0	0	0	0	0	0	0	0	0	0	0	0	0	0	0.01391	0	0	0
s__GGB45497_SGB63169	0	0	0	0	0	0	0	0	0	0	0	0	0	0	0	0	0	0	0	0	0	0.01123	0	0	0
s__GGB2958_SGB3940	0	0	0	0	0	0	0	0	0	0	0	0	0	0	0	0	0	0	0	0	0	0.00983	0	0	0
s__Escherichia_SGB15240	0	0	0	0	0	0	0	0	0	0	0	0	0	0	0	0	0	0	0	0	0	0.00975	0	0	0
s__Candidatus_Heteroclostridium_caecigallinarum	0	0	0	0	0	0	0	0	0	0	0	0	0	0	0	0	0	0	0	0	0	0.00962	0	0	0
s__GGB80003_SGB14846	0	0	0	0	0	0	0	0	0	0	0	0	0	0	0	0	0	0	0	0	0	0.0081	0	0	0
s__GGB9288_SGB14243	0	0	0	0	0	0	0	0	0	0	0	0	0	0	0	0	0	0	0	0	0	0.00698	0	0	0
s__GGB9350_SGB14317	0	0	0	0	0	0	0	0	0	0	0	0	0	0	0	0	0	0	0	0	0	0.00578	0	0	0
s__GGB4715_SGB6529	0	0	0	0	0	0	0	0	0	0	0	0	0	0	0	0	0	0	0	0	0	0.00539	0	0	0
s__GGB9717_SGB15270	0	0	0	0	0	0	0	0	0	0	0	0	0	0	0	0	0	0	0	0	0	0.00482	0	0	0
s__Clostridiales_bacterium_BX7	0	0	0	0	0	0	0	0	0	0	0	0	0	0	0	0	0	0	0	0	0	0.00456	0	0	0
s__GGB1578_SGB2169	0	0	0	0	0	0	0	0	0	0	0	0	0	0	0	0	0	0	0	0	0	0.00334	0	0	0
s__GGB9559_SGB14968	0	0	0	0	0	0	0	0	0	0	0	0	0	0	0	0	0	0	0	0	0	0.00327	0	0	0
s__GGB9788_SGB15411	0	0	0	0	0	0	0	0	0	0	0	0	0	0	0	0	0	0	0	0	0	0.00323	0	0	0
s__GGB2657_SGB3578	0	0	0	0	0	0	0	0	0	0	0	0	0	0	0	0	0	0	0	0	0	0.00313	0	0	0
s__GGB9499_SGB72735	0	0	0	0	0	0	0	0	0	0	0	0	0	0	0	0	0	0	0	0	0	0.00292	0	0	0
s__GGB51441_SGB71759	0	0	0	0	0	0	0	0	0	0	0	0	0	0	0	0	0	0	0	0	0	0.00282	0	0	0
s__GGB3570_SGB4777	0	0	0	0	0	0	0	0	0	0	0	0	0	0	0	0	0	0	0	0	0	0.00255	0	0	0
s__Slackia_piriformis	0	0	0	0	0	0	0	0	0	0	0	0	0	0	0	0	0	0	0	0	0	0.00252	0	0	0
s__Candidatus_Metalachnospira_gallinarum	0	0	0	0	0	0	0	0	0	0	0	0	0	0	0	0	0	0	0	0	0	0.00246	0	0	0
s__GGB4700_SGB6506	0	0	0	0	0	0	0	0	0	0	0	0	0	0	0	0	0	0	0	0	0	0.00164	0	0	0
s__GGB9641_SGB15117	0	0	0	0	0	0	0	0	0	0	0	0	0	0	0	0	0	0	0	0	0	0.00164	0	0	0
s__GGB71580_SGB98325	0	0	0	0	0	0	0	0	0	0	0	0	0	0	0	0	0	0	0	0	0	0.00157	0	0	0
s__Candidatus_Heteroscilispira_lomanii	0	0	0	0	0	0	0	0	0	0	0	0	0	0	0	0	0	0	0	0	0	0.00149	0	0	0
s__GGB4739_SGB6564	0	0	0	0	0	0	0	0	0	0	0	0	0	0	0	0	0	0	0	0	0	0.00129	0	0	0
s__GGB80012_SGB15001	0	0	0	0	0	0	0	0	0	0	0	0	0	0	0	0	0	0	0	0	0	0.00122	0	0	0
s__GGB79930_SGB6334	0	0	0	0	0	0	0	0	0	0	0	0	0	0	0	0	0	0	0	0	0	0.00114	0	0	0
s__GGB2659_SGB3580	0	0	0	0	0	0	0	0	0	0	0	0	0	0	0	0	0	0	0	0	0	0.00105	0	0	0
s__GGB9611_SGB15045	0	0	0	0	0	0	0	0	0	0	0	0	0	0	0	0	0	0	0	0	0	0.00085	0	0	0
s__GGB9616_SGB15052	0	0	0	0	0	0	0	0	0	0	0	0	0	0	0	0	0	0	0	0	0	0.00042	0	0	0
s__Corynebacterium_SGB2091	0	0	0	0	0	0	0	0	0	0	0	0	0	0	0	0	0	0	0	0	0	0	2.92683	0	0
s__GGB79630_SGB13983	0	0	0	0	0	0	0	0	0	0	0	0	0	0	0	0	0	0	0	0	0	0	0.23225	0	0
s__GGB3724_SGB5054	0	0	0	0	0	0	0	0	0	0	0	0	0	0	0	0	0	0	0	0	0	0	0.08691	0	0
s__GGB3034_SGB4030	0	0	0	0	0	0	0	0	0	0	0	0	0	0	0	0	0	0	0	0	0	0	0.0141	0	0
s__Blautia_sp_OF03_15BH	0	0	0	0	0	0	0	0	0	0	0	0	0	0	0	0	0	0	0	0	0	0	0.00935	0	0
s__GGB9412_SGB14767	0	0	0	0	0	0	0	0	0	0	0	0	0	0	0	0	0	0	0	0	0	0	0.00774	0	0
s__GGB9355_SGB14328	0	0	0	0	0	0	0	0	0	0	0	0	0	0	0	0	0	0	0	0	0	0	0.00459	0	0
s__Clostridiaceae_bacterium_NSJ_33	0	0	0	0	0	0	0	0	0	0	0	0	0	0	0	0	0	0	0	0	0	0	0.00322	0	0
s__GGB9197_SGB14136	0	0	0	0	0	0	0	0	0	0	0	0	0	0	0	0	0	0	0	0	0	0	0.00253	0	0
s__GGB3828_SGB5197	0	0	0	0	0	0	0	0	0	0	0	0	0	0	0	0	0	0	0	0	0	0	0.00165	0	0
s__Prevotella_copri_clade_C	0	0	0	0	0	0	0	0	0	0	0	0	0	0	0	0	0	0	0	0	0	0	0	27.34419	0
s__Prevotellamassilia_timonensis	0	0	0	0	0	0	0	0	0	0	0	0	0	0	0	0	0	0	0	0	0	0	0	7.31668	0
s__Megasphaera_massiliensis	0	0	0	0	0	0	0	0	0	0	0	0	0	0	0	0	0	0	0	0	0	0	0	0.55662	0
s__Mitsuokella_jalaludinii	0	0	0	0	0	0	0	0	0	0	0	0	0	0	0	0	0	0	0	0	0	0	0	0.41702	0
s__GGB4266_SGB5809	0	0	0	0	0	0	0	0	0	0	0	0	0	0	0	0	0	0	0	0	0	0	0	0.16409	0
s__GGB9721_SGB15275	0	0	0	0	0	0	0	0	0	0	0	0	0	0	0	0	0	0	0	0	0	0	0	0.07629	0
s__Klebsiella_quasivariicola	0	0	0	0	0	0	0	0	0	0	0	0	0	0	0	0	0	0	0	0	0	0	0	0.01957	0
s__Streptococcus_gallolyticus	0	0	0	0	0	0	0	0	0	0	0	0	0	0	0	0	0	0	0	0	0	0	0	0.0145	0
s__Massilimicrobiota_sp_An134	0	0	0	0	0	0	0	0	0	0	0	0	0	0	0	0	0	0	0	0	0	0	0	0.01111	0
s__Klebsiella_quasipneumoniae	0	0	0	0	0	0	0	0	0	0	0	0	0	0	0	0	0	0	0	0	0	0	0	0.00645	0
s__Anaerostipes_butyraticus	0	0	0	0	0	0	0	0	0	0	0	0	0	0	0	0	0	0	0	0	0	0	0	0.00615	0
s__Enterobacter_roggenkampii	0	0	0	0	0	0	0	0	0	0	0	0	0	0	0	0	0	0	0	0	0	0	0	0.00491	0
s__Formosa_SGB1638	0	0	0	0	0	0	0	0	0	0	0	0	0	0	0	0	0	0	0	0	0	0	0	0.00491	0
s__GGB79761_SGB4698	0	0	0	0	0	0	0	0	0	0	0	0	0	0	0	0	0	0	0	0	0	0	0	0.0019	0
s__GGB6547_SGB9247	0	0	0	0	0	0	0	0	0	0	0	0	0	0	0	0	0	0	0	0	0	0	0	0	3.24087
s__GGB9815_SGB15449	0	0	0	0	0	0	0	0	0	0	0	0	0	0	0	0	0	0	0	0	0	0	0	0	1.67482
s__GGB4617_SGB6392	0	0	0	0	0	0	0	0	0	0	0	0	0	0	0	0	0	0	0	0	0	0	0	0	0.20494
s__Candidatus_Neochristensenella_gallicola	0	0	0	0	0	0	0	0	0	0	0	0	0	0	0	0	0	0	0	0	0	0	0	0	0.19285
s__GGB75036_SGB102224	0	0	0	0	0	0	0	0	0	0	0	0	0	0	0	0	0	0	0	0	0	0	0	0	0.12876
s__GGB3510_SGB4687	0	0	0	0	0	0	0	0	0	0	0	0	0	0	0	0	0	0	0	0	0	0	0	0	0.02129
s__GGB45495_SGB63167	0	0	0	0	0	0	0	0	0	0	0	0	0	0	0	0	0	0	0	0	0	0	0	0	0.02064
s__Solibaculum_mannosilyticum	0	0	0	0	0	0	0	0	0	0	0	0	0	0	0	0	0	0	0	0	0	0	0	0	0.01556
s__GGB48165_SGB66168	0	0	0	0	0	0	0	0	0	0	0	0	0	0	0	0	0	0	0	0	0	0	0	0	0.01153
s__Christensenella_intestinihominis	0	0	0	0	0	0	0	0	0	0	0	0	0	0	0	0	0	0	0	0	0	0	0	0	0.00818
s__Limosilactobacillus_SGB61600	0	0	0	0	0	0	0	0	0	0	0	0	0	0	0	0	0	0	0	0	0	0	0	0	0.00791
s__Ruminococcus_gauvreauii	0	0	0	0	0	0	0	0	0	0	0	0	0	0	0	0	0	0	0	0	0	0	0	0	0.00729
s__Christensenella_hongkongensis	0	0	0	0	0	0	0	0	0	0	0	0	0	0	0	0	0	0	0	0	0	0	0	0	0.00691
s__GGB2980_SGB3962	0	0	0	0	0	0	0	0	0	0	0	0	0	0	0	0	0	0	0	0	0	0	0	0	0.00308
s__GGB9117_SGB14050	0	0	0	0	0	0	0	0	0	0	0	0	0	0	0	0	0	0	0	0	0	0	0	0	0.00245
s__Extibacter_sp_GGCC_0201	0	0	0	0	0	0	0	0	0	0	0	0	0	0	0	0	0	0	0	0	0	0	0	0	0.00212
s__TM7_phylum_sp_oral_taxon_351	0	0	0	0	0	0	0	0	0	0	0	0	0	0	0	0	0	0	0	0	0	0	0	0	0.00205
s__Lachnoclostridium_phytofermentans	0	0	0	0	0	0	0	0	0	0	0	0	0	0	0	0	0	0	0	0	0	0	0	0	0.00071
s__Lactiplantibacillus_plantarum	0	0	0	0	0	0	0	0	0	0	0	0	0	0	0	0	0	0	0	0	0	0	0	0	0.00058
s__Murimonas_intestini	0	0	0	0	0	0	0	0	0	0	0	0	0	0	0	0	0	0	0	0	0	0	0	0	0.00033